169.73 -43.57 2.83 6.36 10.25 15.2 22.63 32.88 0.23
169.74 -43.576 2.47 5.3 8.84 13.43 20.15 30.76 0.87
169.75 -43.583 2.12 4.6 7.78 12.02 17.68 28.99 1.56
169.76 -43.59 1.77 4.24 7.07 10.61 15.91 27.22 2.23
169.77 -43.596 1.41 3.54 6.36 9.55 14.14 26.16 2.82
169.78 -43.603 1.41 3.18 5.66 8.48 13.08 24.75 3.45
169.79 -43.61 1.41 3.18 5.3 8.13 12.02 24.04 3.86
169.8 -43.616 1.41 3.18 5.3 7.78 12.02 23.69 3.97
169.81 -43.6233333333 1.41 3.18 4.95 7.78 11.67 23.69 4.05
169.82 -43.63 1.41 2.83 4.95 7.78 11.67 23.33 4.14
169.83 -43.6366666667 1.41 2.83 4.95 7.78 11.67 23.33 4.21
169.84 -43.6433333333 1.41 2.83 4.95 7.42 11.31 23.33 4.28
169.85 -43.65 1.06 2.83 4.95 7.42 11.31 23.33 4.34
169.86 -43.6566666667 1.06 2.83 4.95 7.42 11.31 22.98 4.39
169.87 -43.6633333333 1.06 2.83 4.95 7.42 11.31 22.98 4.43
169.88 -43.67 1.06 2.83 4.95 7.42 11.31 22.98 4.46
169.89 -43.6766666667 1.06 2.83 4.95 7.42 10.96 22.98 4.49
169.9 -43.6833333333 1.06 2.83 4.95 7.42 10.96 22.98 4.51
169.91 -43.69 1.06 2.83 4.6 7.42 10.96 22.98 4.52
169.92 -43.6966666667 1.06 2.83 4.6 7.42 10.96 22.98 4.52
169.93 -43.7033333333 1.06 2.83 4.95 7.42 10.96 22.98 4.51
169.94 -43.71 1.06 2.83 4.95 7.42 10.96 22.98 4.49
169.95 -43.7166666667 1.06 2.83 4.95 7.42 11.31 22.98 4.47
169.96 -43.7233333333 1.06 2.83 4.95 7.42 11.31 22.98 4.44
169.97 -43.73 1.06 2.83 4.95 7.42 11.31 22.98 4.4
169.98 -43.7366666667 1.06 2.83 4.95 7.42 11.31 22.98 4.35
169.99 -43.7433333333 1.41 2.83 4.95 7.42 11.31 23.33 4.29
170.0 -43.75 1.41 2.83 4.95 7.78 11.67 23.33 4.23
170.01 -43.7566666667 1.41 2.83 4.95 7.78 11.67 23.33 4.16
170.02 -43.7633333333 1.41 2.83 4.95 7.78 11.67 23.69 4.07
170.03 -43.77 1.41 3.18 5.3 7.78 12.02 23.69 3.99
170.06 -43.79 1.41 3.18 5.3 8.13 12.37 24.39 3.67
170.09 -43.81 1.41 3.54 6.01 8.84 13.43 25.1 3.2
170.12 -43.83 1.77 4.24 7.42 11.31 16.62 28.28 1.88
170.15 -43.85 2.12 4.95 8.13 12.02 18.03 29.34 1.44
170.18 -43.87 2.12 4.95 8.13 12.37 18.74 29.7 1.31
170.21 -43.89 3.18 7.42 12.02 17.32 25.45 35.0 -0.49
170.24 -43.91 7.07 14.85 21.92 27.93 32.88 35.0 -3.98
170.27 -43.93 11.67 21.57 27.58 31.46 33.94 35.0 -6.73
170.3 -43.95 7.42 15.56 22.63 28.28 32.88 35.0 -4.22
170.33 -43.97 2.83 6.36 10.61 15.56 22.98 33.59 0.1
