1 169.187 -44.2879 169.2217 -44.2529
1 169.27 -43.9902 169.3046 -43.9552
1 169.297 -43.8478 169.3321 -43.8128
1 169.298 -43.9914 169.3333 -43.9564
1 169.31 -44.1529 169.3445 -44.1179
1 169.32 -43.9893 169.355 -43.9543
1 169.327 -44.0685 169.3624 -44.0335
1 169.334 -43.9958 169.3691 -43.9608
1 169.336 -44.0112 169.3707 -43.9762
1 169.338 -44.0743 169.3731 -44.0393
1 169.35 -44.0821 169.3848 -44.0471
1 169.351 -44.1158 169.3859 -44.0808
1 169.372 -44.1245 169.4072 -44.0895
1 169.388 -44.0119 169.423 -43.9769
1 169.456 -43.7696 169.4911 -43.7346
1 169.475 -43.8056 169.5099 -43.7706
1 169.643 -44.0937 169.6776 -44.0587
1 169.705 -44.0428 169.7396 -44.0078
1 169.773 -44.0368 169.8084 -44.0018
1 169.777 -44.0933 169.8123 -44.0583
1 169.786 -43.6274 169.8214 -43.5924
1 169.797 -43.6088 169.8323 -43.5738
1 169.869 -43.6513 169.9044 -43.6163
1 169.911 -43.6731 169.9455 -43.6381
1 169.912 -43.6632 169.9467 -43.6282
1 169.968 -43.5314 170.0034 -43.4964
1 169.97 -43.5324 170.0046 -43.4974
1 169.974 -43.5397 170.0091 -43.5047
1 169.986 -43.6938 170.0208 -43.6588
1 169.998 -43.5259 170.0333 -43.4909
1 170.024 -43.5365 170.0588 -43.5015
1 170.03 -43.6878 170.0651 -43.6528
1 170.056 -43.7712 170.0915 -43.7362
1 170.065 -43.7409 170.1001 -43.7059
1 170.066 -43.6923 170.1013 -43.6573
1 170.067 -43.4981 170.1024 -43.4631
1 170.07 -43.6932 170.1046 -43.6582
1 170.074 -43.6941 170.1092 -43.6591
1 170.076 -43.6982 170.1113 -43.6632
1 170.087 -43.774 170.1221 -43.739
1 170.103 -43.6368 170.1377 -43.6018
1 170.108 -43.6352 170.1434 -43.6002
1 170.142 -43.4692 170.177 -43.4342
1 170.166 -43.4239 170.2013 -43.3889
1 170.169 -43.424 170.2038 -43.389
1 170.171 -43.4249 170.2062 -43.3899
1 170.266 -43.409 170.3007 -43.374
1 170.372 -43.3531 170.4068 -43.3181
1 170.38 -43.4464 170.4151 -43.4114
1 170.384 -43.3831 170.4191 -43.3481
1 170.386 -43.4168 170.4213 -43.3818
1 170.403 -43.3791 170.4378 -43.3441
1 170.405 -43.4581 170.4398 -43.4231
1 170.466 -43.5591 170.5013 -43.5241
1 170.466 -43.6142 170.5015 -43.5792
1 170.467 -43.5747 170.5022 -43.5397
1 170.47 -43.5377 170.5051 -43.5027
1 170.47 -43.6661 170.5052 -43.6311
1 170.482 -43.7008 170.5171 -43.6658
1 170.507 -43.7257 170.5417 -43.6907
1 170.547 -43.4065 170.5823 -43.3715
1 170.561 -43.423 170.5965 -43.388
1 170.655 -43.4916 170.6902 -43.4566
1 170.675 -43.5262 170.7099 -43.4912
1 170.736 -43.413 170.7711 -43.378
1 170.75 -43.4279 170.7845 -43.3929
1 170.763 -43.4477 170.7978 -43.4127
1 170.79 -43.4709 170.8246 -43.4359
1 170.818 -43.5435 170.8532 -43.5085
1 170.824 -43.509 170.8593 -43.474
1 170.853 -43.5676 170.888 -43.5326
1 170.968 -43.0397 171.0032 -43.0047
1 171.006 -43.0687 171.0411 -43.0337
1 171.023 -43.0943 171.0578 -43.0593
1 171.302 -43.0942 171.3373 -43.0592
1 171.304 -43.1214 171.3394 -43.0864
1 171.337 -43.165 171.3719 -43.13
1 171.39 -43.2095 171.4247 -43.1745
