1 170.044 -43.6183 170.0787 -43.6533
1 170.044 -43.6183 170.0787 -43.6533
1 170.065 -43.624 170.0999 -43.659
1 170.075 -43.6229 170.1104 -43.6579
1 170.075 -43.6229 170.1104 -43.6579
1 170.139 -43.6259 170.1738 -43.6609
1 170.139 -43.6259 170.1738 -43.6609
1 170.149 -43.55 170.1843 -43.585
1 170.159 -43.547 170.1939 -43.582
1 170.168 -43.5531 170.2029 -43.5881
1 170.168 -43.5531 170.2029 -43.5881
1 170.174 -43.5559 170.2093 -43.5909
1 170.174 -43.5559 170.2093 -43.5909
1 170.258 -43.538 170.2931 -43.573
1 170.28 -43.557 170.3152 -43.592
1 170.28 -43.557 170.3152 -43.592
1 170.293 -43.5581 170.3279 -43.5931
1 170.293 -43.5581 170.3279 -43.5931
1 170.382 -43.5517 170.4171 -43.5867
1 170.382 -43.5517 170.4171 -43.5867
