1 169.137 -43.8929 169.1021 -43.9279
1 169.182 -43.9095 169.147 -43.9445
1 169.257 -44.2179 169.2217 -44.2529
1 169.314 -43.9056 169.2792 -43.9406
1 169.368 -43.9214 169.3333 -43.9564
1 169.38 -44.0829 169.3445 -44.1179
1 169.39 -43.9193 169.355 -43.9543
1 169.391 -43.9194 169.3562 -43.9544
1 169.397 -43.9985 169.3624 -44.0335
1 169.406 -43.9412 169.3707 -43.9762
1 169.42 -44.0121 169.3848 -44.0471
1 169.421 -44.0458 169.3859 -44.0808
1 169.442 -44.0545 169.4072 -44.0895
1 169.458 -43.942 169.4226 -43.977
1 169.458 -43.9419 169.423 -43.9769
1 169.526 -43.6996 169.4911 -43.7346
1 169.579 -43.787 169.5439 -43.822
1 169.713 -44.0237 169.6776 -44.0587
1 169.775 -43.9728 169.7396 -44.0078
1 169.843 -43.9668 169.8084 -44.0018
1 169.847 -44.0233 169.8123 -44.0583
1 169.867 -43.5388 169.8323 -43.5738
1 169.939 -43.5813 169.9044 -43.6163
1 169.981 -43.6031 169.9455 -43.6381
1 169.982 -43.5932 169.9467 -43.6282
1 170.038 -43.4614 170.0034 -43.4964
1 170.04 -43.4624 170.0046 -43.4974
1 170.044 -43.4697 170.0091 -43.5047
1 170.056 -43.6238 170.0208 -43.6588
1 170.071 -43.4314 170.0356 -43.4664
1 170.1 -43.6178 170.0651 -43.6528
1 170.126 -43.7012 170.0915 -43.7362
1 170.135 -43.6709 170.1001 -43.7059
1 170.135 -43.4717 170.1002 -43.5067
1 170.136 -43.6223 170.1013 -43.6573
1 170.14 -43.6232 170.1046 -43.6582
1 170.14 -43.474 170.1054 -43.509
1 170.144 -43.6241 170.1092 -43.6591
1 170.146 -43.6282 170.1113 -43.6632
1 170.15 -43.4778 170.1152 -43.5128
1 170.154 -43.4734 170.1191 -43.5084
1 170.157 -43.704 170.1221 -43.739
1 170.158 -43.5633 170.123 -43.5983
1 170.171 -43.4766 170.1363 -43.5116
1 170.173 -43.5668 170.1377 -43.6018
1 170.178 -43.5652 170.1434 -43.6002
1 170.181 -43.4759 170.1462 -43.5109
1 170.215 -43.4282 170.1803 -43.4632
1 170.215 -43.3665 170.1805 -43.4015
1 170.219 -43.4975 170.1835 -43.5325
1 170.239 -43.354 170.2038 -43.389
1 170.241 -43.3549 170.2062 -43.3899
1 170.442 -43.2831 170.4068 -43.3181
1 170.45 -43.3764 170.4151 -43.4114
1 170.454 -43.3131 170.4191 -43.3481
1 170.456 -43.3468 170.4213 -43.3818
1 170.473 -43.3091 170.4378 -43.3441
1 170.475 -43.3881 170.4398 -43.4231
1 170.536 -43.4891 170.5013 -43.5241
1 170.536 -43.5442 170.5015 -43.5792
1 170.537 -43.5047 170.5022 -43.5397
1 170.54 -43.4677 170.5051 -43.5027
1 170.54 -43.5961 170.5052 -43.6311
1 170.552 -43.3906 170.5167 -43.4256
1 170.552 -43.3791 170.5167 -43.4141
1 170.552 -43.3278 170.5167 -43.3628
1 170.552 -43.3257 170.5167 -43.3607
1 170.552 -43.3257 170.5167 -43.3607
1 170.552 -43.32 170.5167 -43.355
1 170.552 -43.2981 170.5167 -43.3331
1 170.552 -43.6308 170.5171 -43.6658
1 170.577 -43.6557 170.5417 -43.6907
1 170.617 -43.3365 170.5823 -43.3715
1 170.631 -43.353 170.5965 -43.388
1 170.725 -43.4216 170.6902 -43.4566
1 170.738 -43.4461 170.7028 -43.4811
1 170.745 -43.4562 170.7099 -43.4912
1 170.746 -43.3364 170.7107 -43.3714
1 170.806 -43.343 170.7711 -43.378
1 170.82 -43.3579 170.7845 -43.3929
1 170.833 -43.3777 170.7978 -43.4127
1 170.86 -43.4009 170.8246 -43.4359
1 170.888 -43.4735 170.8532 -43.5085
1 170.923 -43.4976 170.888 -43.5326
1 171.038 -42.9697 171.0032 -43.0047
1 171.076 -42.9987 171.0411 -43.0337
1 171.093 -43.0243 171.0578 -43.0593
1 171.372 -43.0242 171.3373 -43.0592
1 171.374 -43.0514 171.3394 -43.0864
1 171.407 -43.095 171.3719 -43.13
1 171.46 -43.1395 171.4247 -43.1745
