179.209103928	15.729	0.83
170.726865979	0.837	1.22
203.539260929	10.279	1.55
170.60755066	1.194	1.27
171.862425989	1.957	0.58
170.841047364	2.059	1.59
164.022796209	12.376	1.29
204.679820452	10.561	0.74
211.838810131	13.367	1.07
155.305634742	9.41	0.78
191.029351707	7.623	1.49
209.021339567	9.004	0.26
214.295112238	10.175	1.25
147.372008164	16.386	1.48
148.790001083	14.335	0.59
147.405348416	16.537	1.19
147.341381468	16.569	1.38
147.429709778	16.467	1.03
173.675266985	6.292	0.66
173.814019688	6.213	0.91
147.451304586	16.723	1.78
147.381285146	16.711	1.34
104.938616093	10.481	1.38
147.365173049	16.753	1.12
151.67508451	16.38	0.53
155.486918349	16.426	1.01
91.6844943513	13.05	1.36
96.8976110431	6.023	0.59
138.999974591	15.345	1.92
209.404595013	11.627	1.69
190.077639789	9.23	1.33
185.714034544	0.68	0.05
211.126102981	10.806	1.52
179.884568951	15.001	2.91
211.153416623	10.861	1.5
91.6302730623	13.781	1.49
175.015932087	3.673	0.88
169.611761801	17.848	1.41
144.096763333	16.741	1.88
144.056143211	16.733	1.18
178.938367178	4.557	1.13
106.853041223	7.009	2.04
152.838807562	18.142	0.98
168.711535534	16.667	2.47
165.728585442	9.8	1.24
89.747326347	2.921	0.79
168.703688231	16.653	1.77
168.700351356	16.587	1.01
168.717689572	17.048	1.32
136.236865569	15.158	0.9
161.190233194	19.947	0.39
162.171264303	22.26	1.24
98.7010038356	4.581	0.74
97.3365129514	3.887	0.44
184.172885171	4.405	0.15
106.616291492	6.797	1.12
147.091102531	15.753	1.86
147.086492827	15.82	1.89
180.226507098	7.592	0.61
163.971978202	19.712	0.85
207.776120924	8.686	1.23
205.180986262	11.502	1.78
104.615207767	6.059	0.37
210.513621279	10.196	0.79
163.935807705	19.522	0.76
214.67061542	14.26	2.21
104.213625494	4.209	0.29
203.651755241	9.44	1.34
214.857791041	14.417	1.12
219.932693759	14.669	0.83
158.116354187	14.383	1.39
208.499033139	2.319	0.83
155.956718308	20.347	1
213.616341854	13.184	0.62
175.931218082	19.847	2.36
209.658852605	5.156	0.19
205.988351301	11.107	0.82
208.577315778	5.891	0.78
209.653865884	4.121	0.49
130.189249876	28.033	0.74
215.154046054	14.751	1.39
215.184844959	15.149	0.61
203.272376353	11.381	1.51
207.31736398	11.731	1.1
157.804379526	14.461	0.95
208.660171776	6.513	0.49
155.271384447	19.992	1.48
172.921171757	27.164	0.48
207.814177427	12.42	0.74
166.869572181	13.785	0.35
173.144899986	14.538	1.64
183.345264406	6.123	1.34
103.167378566	3.679	0.72
116.441574645	9.186	0.52
138.335603138	11.438	0.82
115.385812665	7.074	0.22
208.365979626	1.022	0.12
173.184055859	5.756	0.58
151.11186358	6.213	0.27
170.655618725	1.937	0.93
178.741283258	3.923	0.73
178.750628369	3.965	0.04
211.671721724	13.241	1.28
104.233892926	5.868	0.25
97.2886090084	0.533	0.02
188.35598192	4.012	1.55
99.6006615866	7.332	-0.02
214.889363081	13.874	0.1
204.279328886	8.207	0.07
214.389378057	0.254	0.33
151.48903009	12.526	1.04
206.165984947	9.723	0.77
81.7444608279	6.855	1.44
105.883486142	2.374	0.34
157.028334556	16.688	0.31
178.853285651	4.103	1.41
211.441736713	13.539	0.78
210.489742763	14.191	0.35
170.563124777	12.778	2.01
108.989117505	4.088	0.06
177.214780821	3.969	0.84
91.2765284668	1.879	0.3
186.282962019	5.728	-0.02
99.543483408	6.489	0.18
178.688604823	3.976	0.49
95.99846094	3.217	0.92
103.243254409	4.507	1.68
99.558926279	3.415	0.41
142.408563711	8.371	0.96
100.983098499	7.578	0.27
148.184476273	11.348	0.53
98.4519156493	8.531	0.89
151.131767867	10.869	1.59
178.517471474	15.853	1.41
192.427220993	8.1	0.72
205.251237027	9.092	0.98
212.521510724	3.495	0.57
96.1476364274	5.684	1.5
96.1756250847	5.956	1.04
154.092705521	13.747	0.62
209.450639749	13.134	0.88
102.60605212	5.119	0.33
102.736386444	5.433	-0.52
103.296383556	6.984	-0.01
102.675001399	5.55	-0.45
102.838424099	5.61	0.19
89.9162700175	7.976	-0.32
210.447068084	14.779	1.04
105.227742191	5.743	1.83
164.369908437	9.586	0.56
207.74457148	12.289	0.98
153.340999876	12.789	0.49
148.532465639	15.996	0.22
191.140318441	5.47	0.52
101.512797133	4.21	0.43
129.117163026	13.938	1.04
158.304877173	17.941	0.71
128.5877341	15.088	0.66
205.686356418	11.89	0.65
129.072393971	14.152	1.29
179.442894055	17.981	0.61
174.009383157	17.145	1.14
102.63195439	6.581	0.38
102.688696186	6.551	0.12
98.0712123131	4.062	0.9
102.641079066	6.565	0.49
30.5954061373	19.606	1.43
30.5310298668	19.687	1.43
102.146017216	4.687	-0.15
97.9252250214	7.252	0.04
159.186040846	16.969	0.7
147.279530108	12.376	0.46
209.34686542	14.258	0.09
168.105046928	17.591	0.35
205.814463138	7.387	0.11
39.0787718607	22.783	1.95
168.744978768	18.106	0.54
208.102569269	13.658	1.93
214.310473573	14.163	0.21
157.094709329	18.631	0.81
203.605489801	10.593	1.91
206.218190397	12.433	0.57
163.343440908	15.077	0.51
98.9502482255	5.172	-0.11
231.778812866	30.457	1.54
172.32491405	7.89	0.95
206.517536898	13.964	1.45
170.567304332	18.834	0.33
202.423123073	8.199	0.53
103.700773395	5.412	-0.35
108.959809794	7.291	-0.27
131.900639416	16.27	1.17
211.280624075	16.415	2.27
114.740408861	8.156	0.75
143.255644468	13.749	0.29
96.2427922281	8.195	0.72
167.259891485	17.906	1.81
134.004040539	13.292	0.8
208.660889407	15.865	1.35
150.390440416	13.341	1.23
153.163790186	15.034	0.65
208.589860112	15.783	1.22
168.373618165	16.235	1.75
89.2843467122	10.49	1.91
146.086222289	10.504	1.58
157.845796051	18.604	0.87
157.142427229	19.904	1.22
157.130911253	19.845	1.46
157.162591047	19.957	2.75
207.454397043	8.393	0.96
128.774415722	14.3	1.23
128.796833539	14.315	1.28
178.067759345	20.13	1.23
105.634957577	1.386	1.4
209.530795349	15.667	1.31
125.174957707	15.174	1.94
125.35876714	15.241	0.78
106.258802223	2.234	0.19
149.962620848	9.827	1.51
149.500795511	17.456	1.26
149.471748427	17.242	2.02
149.565050047	17.14	1.44
149.57293383	17.196	2.68
149.619983887	16.926	0.69
171.954908963	17.658	1.67
89.9477365848	1.671	0.63
89.9430916265	1.898	1.46
171.654343863	22.433	0.79
101.507392579	4.703	1.6
101.52116886	4.761	1.03
179.943153793	16.609	1.11
201.873863541	11.128	1.21
88.8076097624	11.623	1.74
177.405820422	14.453	1.27
202.906122385	12.543	1.09
169.285674269	15.164	1.51
147.813365066	4.064	0.35
107.364898075	6.595	0.02
107.295426731	6.465	1.61
107.350274491	6.552	1.95
107.300617772	6.518	-0.1
209.874036668	12.875	2.51
169.276234459	15.182	0.5
126.021441765	14.14	0.78
121.752826126	12.677	1.97
153.249871153	14.386	2.35
165.047714467	12.936	0.46
96.1718903839	7.177	0.99
165.958133183	12.519	0.97
100.239260983	7.103	0.27
149.699555802	10.582	0.69
213.307255642	13.378	0.98
81.444886817	0.492	-0.04
205.279044874	11.303	0.63
175.848695313	15.917	1.05
211.767650481	15.395	0.54
212.347887124	14.417	0.61
157.193766204	16.795	0.58
189.997158264	11.505	-0.07
79.086703419	3.997	0.72
211.028564983	14.136	1.1
221.593678191	17.038	0.99
102.450732422	7.544	-0.21
177.275148006	15.692	1.06
166.722775953	12.68	0.92
167.494802131	13.9	0.77
118.612344768	10.473	1.01
151.361521448	11.872	0.59
149.97977772	11.027	1.54
164.846281959	14.656	0.72
166.287623596	14.051	0.6
169.313544515	15.243	0.95
150.582838291	11.352	1.09
158.720151894	16.85	0.6
156.827759626	16.725	1.19
140.313127571	10.995	1.55
188.364000134	1.77	0.68
159.258229022	16.522	0.92
158.869812161	18.29	0.38
156.969428058	16.004	0.32
146.18033713	10.304	-0.31
102.368460553	4.298	-0.43
100.329934824	5.544	-0.7
203.438515022	7.809	0.46
141.577922893	10.565	1.02
130.351473678	14.361	0.29
189.849333892	17.688	1.58
156.171789262	16.694	0.39
196.662704519	13.985	0.32
101.560804107	4.918	1.02
167.551522027	14.221	0.27
130.607058822	15.313	2.26
146.088161007	0.78	0.19
93.778031776	3.02	0.9
165.564391695	13.068	0.53
146.142181309	10.761	0.64
103.262187613	4.428	0.01
213.182122619	10.07	0.52
208.825841315	13.423	0.78
168.131420009	14.207	0.92
97.2007888048	3.956	-0.28
212.54149281	14.872	0.94
94.5216151343	2.814	-0.31
93.7719657837	2.984	0.94
164.244738255	14.468	1.15
164.232216253	14.414	0.66
164.220483285	14.345	2.53
94.5278166195	2.786	-0.09
164.186615306	12.241	-0.04
166.003939072	13.786	1.29
94.5272181076	2.818	-0.13
166.982740296	9.645	1.25
96.0648994896	5.506	-0.12
180.437224094	2.502	0.22
165.607890332	13.137	0.27
164.29872208	14.191	0.13
156.747767603	15.252	3.13
165.654391983	12.476	0.25
156.948622425	16.327	1.84
108.028376398	4.171	-0.25
156.851386029	14.975	0.3
165.77311141	12.824	0.32
165.234304674	13.33	2.25
165.203318934	13.442	0.88
166.008041394	13.784	0.76
84.0019834381	5.039	-0.2
108.865115958	8.471	-0.36
108.850028533	8.504	-0.33
190.842422536	6.855	-0.2
221.75430038	16.2	1.11
174.968057351	15.165	0.62
143.240108622	10.77	0.28
143.220666918	10.949	0.49
143.233465753	10.911	0.49
143.22890124	11.118	0.64
143.233719952	10.93	0.37
143.242804316	11.098	0.49
143.257916738	11.624	0.5
156.267513872	15.883	0.58
101.071485088	6.004	0.13
101.597213896	5.633	0.4
101.548152096	6.395	1.15
124.438580977	14.647	0.39
101.548792735	6.389	-0.49
102.425533655	6.093	0.04
109.345384557	5.342	0.08
109.326843449	5.478	-0.38
109.572693036	5.398	-0.29
103.953073981	4.719	0.12
123.834285047	14.445	0.9
122.604737637	12.817	0.64
101.550669981	6.349	0.59
104.249230409	3.826	-0.47
123.214836435	14.064	1.34
204.921417989	14.323	0.53
173.305850552	13.33	1
173.140262902	13.5	0.86
101.077686313	6.158	-0.46
101.086710139	6.059	0.89
101.297428801	5.178	-0.51
83.6621553656	3.554	0.41
101.077575265	5.969	-0.69
100.888408507	4.753	-0.6
163.758276049	14.892	0.75
102.407876333	6.244	-0.48
147.33214823	10.248	0.64
191.937836565	18.844	2.43
101.356667608	6.01	-0.51
164.678498446	13.182	1.32
164.66781186	13.185	0.93
152.985750299	14.243	0.67
151.248349875	11.52	1.65
151.237206066	11.151	1.76
204.50155292	16.17	0.64
186.12074356	9.391	0.48
146.077770554	13.377	0.81
116.731174335	10.434	0.1
110.042271375	8.309	0.64
110.063939671	8.386	0.52
159.584177271	15.383	2.03
159.568499969	15.201	0.39
148.476226764	10.832	0.88
211.009599506	14.227	1.14
110.044493452	8.24	-0.06
97.8170147173	3.744	-0.49
99.0224840427	4.008	1.19
166.906765538	9.575	0.66
172.461391399	13.593	1.05
141.523841221	5.404	1.11
232.382804921	25.855	1.61
147.82758476	11.472	0.92
102.833953208	5.622	-0.05
101.547121279	4.859	0.92
21.7183769258	19.787	1.42
137.320708149	11.269	1.24
207.594204836	16.111	0.67
175.218112649	5.471	0.46
144.508249252	10.975	1.69
165.652275807	13.392	0.89
230.150300736	24.853	1.21
123.931320828	13.977	0.57
100.852351044	5.085	0.33
164.891888198	13.265	1.3
89.4060178365	7.225	0.3
164.08159007	10.926	0.84
119.900737712	11.561	-0.39
156.270348803	16.431	2.14
118.594558526	9.227	0.44
156.268322421	16.471	1.38
148.009117666	10.25	1.27
148.463634865	10.349	1.4
147.983762081	10.514	1.35
156.269153271	16.554	2.1
148.475756312	10.449	0.55
148.511815908	11.165	0.55
182.580300613	17.368	0.75
148.896970081	9.299	1.08
147.945572667	10.358	0.45
156.237624693	16.38	1.05
155.436717635	15.624	0.22
156.491399959	18.223	0.64
171.005041996	14.599	0.33
156.229508407	16.422	0.85
156.225864545	16.34	0.72
156.21245386	16.792	0.63
156.255520514	16.79	1.04
156.224859473	16.338	0.77
156.212133646	16.26	0.88
156.179536356	15.869	0.64
156.326363522	16.418	2.67
179.650176455	4.878	1.31
146.014421762	6.108	0.49
102.416233431	4.243	-0.73
173.683407384	4.078	0.21
170.962716877	14.723	0.67
148.590508368	10.481	1.03
88.2039817097	2.295	1.31
100.721798804	6.263	-0.32
207.173634524	2.98	0.34
201.227563223	13.36	2.16
141.09001063	11.179	1.2
103.741887589	5.623	0.13
171.466674202	2.919	0.69
156.015998057	16.092	0.75
209.857069202	12.767	1.1
154.980132292	16.583	2.24
123.908764149	13.639	0.56
210.928964292	14.667	1.41
148.666461212	10.607	1.17
93.2060369208	0.519	-0.19
115.931600196	12.346	0.79
159.595498869	15.278	1.62
166.027038873	13.763	1.23
148.223168487	9.932	0.72
148.228181352	9.909	1.26
148.18088412	9.903	1.11
154.786846249	16.061	2.31
154.947137565	16.61	2.28
155.602534314	16.888	0.99
155.023061189	16.535	0.71
88.0671718068	2.213	0.11
155.044152285	16.594	2.52
88.0450147621	2.122	0.02
85.3607132498	3.336	1.5
213.752720873	0.202	0.84
206.239265103	13.5	0.91
107.318692776	4.978	0.31
107.316508227	4.991	0.69
107.315460099	4.959	0.47
107.341574665	5.043	0.62
99.5706310082	4.396	-0.39
121.991091022	12.335	0.21
85.2792698238	3.403	1.27
95.8702287878	7.295	-0.57
96.0457392942	4.562	-0.37
209.660692261	14.94	0.71
101.75244741	5.696	-0.1
145.016404701	10.69	0.76
107.277944927	4.91	0.65
164.758731942	11.487	0.69
102.948922722	4.475	1.27
102.96333408	4.367	-0.17
145.255378471	12.049	0.7
155.08105599	16.48	1.42
154.691860599	15.164	0.65
202.904969408	13.509	1.11
18.6910583117	18.877	0.91
159.601877877	15.324	0.71
175.261314364	3.12	0.4
95.9891362237	4.629	1.35
206.812578112	11.974	0.99
217.587041283	13.052	0.92
213.488334468	13.655	0.62
178.614741191	15.79	1.19
98.7341932191	2.445	-0.58
155.155089434	16.494	0.87
155.045371416	16.359	0.98
155.031607264	16.411	2.53
155.029498154	16.042	0.79
155.163075892	16.565	1.59
173.148500184	13.516	1.66
164.242485814	10.697	2.63
173.20638347	13.479	0.63
152.380764772	10.035	0.7
155.147829637	16.424	1.72
155.12861795	16.575	2.97
96.7766106693	6.058	0.64
96.6001210048	5.57	0.77
100.321497471	5.38	-0.45
109.468701105	8.298	0.43
165.971055838	12.798	1.63
155.241056169	16.431	0.81
166.124549483	12.278	0.72
109.374733634	5.768	0.11
105.684421307	2.579	-0.05
159.697557736	15.572	1.15
116.834630059	11.148	0.98
126.532363817	13.368	0.3
170.600172907	3.736	0.28
147.950669707	10.205	0.46
155.165432067	16.423	0.66
110.062313891	6.547	0.08
155.158844631	16.291	0.87
159.594576911	15.418	1.14
96.7667248328	6.039	0.21
96.9330954886	5.885	-0.56
96.7776629323	6.106	-0.21
159.20638952	15.837	1.03
96.7785671626	6.106	0.06
154.978847083	16.331	1.69
154.89172417	16.333	1.06
154.963700952	16.21	0.84
97.3090135185	3.896	-0.18
93.5085513414	4.611	-0.34
122.664758476	12.916	0.18
155.092570688	16.468	1.32
99.5531024442	3.944	-0.14
107.455176005	5.279	-0.03
107.503034073	5.528	0.25
107.48586039	5.048	0.19
213.981324722	15.86	0.88
174.362916912	15.469	0.85
111.136754119	7.245	0.6
148.598175686	10.59	1.02
171.228286392	15.989	0.6
148.465346851	10.214	0.52
93.6218171659	1.089	-0.01
101.440974583	5.761	-0.04
101.536177417	4.969	0.49
148.519165803	3.497	0.8
150.760599656	12.497	0.52
102.597513455	3.013	1.93
103.263586864	4.492	1.08
103.268317754	4.483	0.61
103.266244854	4.491	0.61
103.274941714	4.439	0.92
97.1498948163	2.74	0.15
85.2423295678	4.392	0.51
131.341920875	28.468	1.95
101.54588071	4.927	0.26
96.803104432	6.163	-0.21
100.399945863	5.299	-0.14
124.586624735	10.573	0.33
141.635013655	16.147	1.25
106.401660426	2.661	0.15
107.270399295	5.24	0.16
99.7986656414	5.099	0.35
35.7116328206	22.768	1.3
94.857370956	1.352	-0.47
104.744254693	4.128	-0.15
110.968383677	5.842	-0.21
149.557162267	15.765	0.9
103.891801351	5.511	-0.34
99.3225401269	8.39	0.26
109.007196032	7.995	-0.15
103.290063676	4.406	0.61
100.945199986	5.283	0.57
116.585537025	10.71	0.18
151.731306089	12.619	2.19
152.876422854	6.589	1.18
152.066601387	2.429	1.16
146.773566664	12.925	0.62
110.758096897	7.827	0.11
129.68467054	27.779	1.77
132.624711627	14.115	0.33
151.976962978	12.011	2.31
152.989445744	16.722	0.8
105.042432817	3.286	0.4
154.446451444	21.346	0.73
153.312944336	4.85	0.79
153.12490516	4.301	0.57
104.02483746	3.15	0.04
133.06702866	12.497	0.95
152.959438923	16.333	1.44
103.016640351	5.416	-0.23
153.991825308	8.822	1.36
153.91396403	8.576	1.75
101.381214859	4.056	1.31
154.835205625	11.214	0.5
125.955896187	14.652	0.07
152.018912402	11.774	3.01
105.671745786	6.105	0.73
92.8784484015	2.304	0.48
136.328632605	26.642	1.21
122.728491812	13.463	1.31
158.291210567	11.163	2.17
102.9693135	6.831	0.49
102.959725765	6.837	0.6
102.952865078	6.805	1.02
102.974445232	6.903	0.2
122.132345246	13.015	1.28
122.108933595	12.91	0.45
102.982569739	7.001	0.1
103.029243223	4.069	0.35
117.274239024	9.178	1.1
105.985104337	4.132	1.26
103.174475519	4.868	0.08
105.984898718	4.109	0.77
122.138075636	13.314	-0.17
122.12741027	13.27	-0.08
105.970442894	4.065	1.21
105.993372923	4.09	-0.31
153.179150872	4.486	1.11
101.893489235	4.513	0.05
157.670769711	0.666	1.02
154.421468843	13.788	0.85
145.177082493	9.794	1.03
153.02953619	14.413	2.71
159.247187342	1.843	2.46
95.4384818479	4.66	0
145.050968153	9.16	1.57
153.654760768	8.202	0.57
145.39295908	11.572	0.45
105.728782361	4.71	-0.15
105.717608681	4.807	0.18
143.099906407	3.963	1.74
100.594858912	9.219	0.94
102.626022188	2.674	0.75
143.149613122	4.012	2.38
141.692161697	14.75	1.04
102.625811661	2.643	0.63
145.967300795	13.744	1.2
110.686929401	7.839	0.82
36.229801114	20.113	1.35
147.762416488	13.056	0.57
105.852219959	5.835	1.08
133.719719944	15.992	0.45
134.147711817	12.632	1.32
107.454181412	4.994	0.27
133.948352899	13.169	0.6
107.169312468	3.617	0.67
150.675936863	19.622	1.07
146.156779683	13.725	0.08
151.538431897	18.032	1.04
99.0804951068	3.785	-0.15
101.726088754	5.01	0.18
104.855316349	5.59	-0.13
105.372101336	6.255	0.07
72.1501607137	9.107	-0.01
103.158952767	4.316	-0.14
165.069810036	17.824	1.64
107.007338122	8.561	0.05
103.495989044	5.079	0.38
103.576145248	5.151	0.6
103.57781022	5.122	0.38
104.349417517	3.657	-0.09
103.00594711	5.437	-0.12
103.084737695	4.674	0.39
110.54854006	8.233	0.87
145.766855041	13.745	0.62
148.077387541	14.901	0.31
117.210929407	11.2	0.75
145.13544992	16.674	0.48
109.489657499	3.811	0.19
110.415379334	5.201	0.46
117.219646655	11.262	0.56
130.211013195	11.849	0.8
142.499091964	12.967	0.91
146.730924137	13.72	1.53
146.707974217	13.77	1.04
146.771571733	13.801	0.95
146.724246177	13.788	1.26
146.755699843	13.804	1.06
146.716340402	13.754	1.6
146.729301368	13.694	1.44
74.3611646471	8.443	0.11
113.013085995	7.579	1.18
100.852181282	3.927	1.64
148.634271001	17.611	1.25
160.032358366	15.711	1.6
130.187320802	11.838	1.73
106.720587236	4.232	0.49
99.6607266407	5.107	0.46
132.234163596	13.416	0.25
157.843903507	14.793	1.13
159.986116572	15.673	1.97
160.008337921	15.689	2.49
143.567753572	12.098	0.63
111.037748795	7.947	0.52
160.995794683	16.394	1.86
146.569176411	13.668	1.08
130.167461835	11.83	1.29
91.184336012	5.115	0.26
157.475773745	15.871	0.52
130.158778876	11.847	0.65
67.0790168322	7.656	0.22
113.054657114	7.542	1.18
150.527900783	14.626	0.6
91.5507721581	4.969	-0.15
144.525985355	14.508	1.03
113.061008806	7.533	1.56
115.86646941	9.228	0.29
99.0765131095	3.158	0.25
152.573329969	16.119	1.55
145.593217171	15.903	0.89
161.281939197	17.424	1.42
161.106568855	17.28	1.34
104.953602409	5.834	1.21
104.936854004	5.83	0.31
104.94999451	5.899	-0.06
104.960958675	5.865	0.48
100.300667061	4.1	1.44
100.268559358	4.103	1.47
99.8189654338	4.067	-0.36
126.489492935	10.576	0.1
126.255254405	10.672	0.4
126.464223965	10.444	0.54
126.465502502	10.395	0.38
105.912312108	3.906	0.1
152.423269883	16.644	0.56
155.938569904	14.531	0.46
152.449120092	16.57	0.69
152.447992253	16.567	0.67
99.1361958106	3.239	-0.25
153.740765416	17.626	0.53
144.239558039	13.493	0.11
152.442247488	16.715	0.53
119.148971258	10.009	1.2
154.437980925	13.183	0.63
162.168015717	4.978	1.04
159.919180583	15.674	1.96
148.337783822	15.975	0.79
110.996870187	7.859	0.09
121.860643697	13.149	-0.06
150.54085548	14.25	0.31
141.826148182	6.492	0.26
103.778941584	2.77	0.38
65.3680107173	9.261	0.49
159.370134669	18.416	1.86
172.372553093	19.259	1.18
99.6923071852	4.303	0.59
90.4427458127	5.331	0.09
101.103579028	2.738	0.4
110.796490967	8.491	1.42
97.9263212836	0.608	0.35
99.6406178543	5.006	-0.57
99.956491467	3.671	0.14
106.874785989	4.52	1.15
106.867716283	4.516	0.33
106.856910319	4.495	0.84
106.855784982	4.507	0.89
106.89817965	4.553	0.43
107.457698774	4.464	-0.11
106.903685297	4.572	2.02
106.905284262	4.589	1.09
106.986641574	4.68	-0.46
106.973095339	4.672	-0.03
106.929406676	4.649	1
106.935344842	4.669	-0.01
152.739741668	17.543	1.03
101.089159562	2.721	0.98
106.949404969	4.667	0.3
106.941393645	4.649	0.66
65.2786201649	8.632	0.51
169.745847586	18.883	0.89
131.880217362	14.974	0.45
106.899743791	4.495	0.51
106.947099673	4.582	0.25
106.992643921	4.557	-0.26
106.87651015	4.482	1.01
75.2261833849	4.347	-0.01
132.602799373	13.09	1.36
148.579852576	21.026	0.19
150.835044341	14.831	0.58
109.20375652	2.825	0.43
110.75548554	8.42	1.03
82.6306563278	0.484	-0.19
74.4164048886	7.449	0.81
147.116354823	11.516	0.84
167.186851285	19.693	1.14
108.849943392	2.761	0.62
142.876719647	14.661	0.76
142.866692144	14.58	2.03
114.008227824	10.624	0.03
80.212843934	4.412	0.43
100.540411842	6.628	0.03
106.98177151	6.962	0.13
106.967393753	6.961	-0.36
150.233423882	14.863	0.63
146.03781822	14.987	0.23
123.164464859	11.037	0.91
107.926695568	7.01	0.65
108.137316664	7.8	-0.08
107.068843853	1.895	0.75
150.613138412	18.008	2.03
81.4010705236	4.951	0.09
103.223939721	5.331	-0.09
116.302690498	9.803	0.37
157.63235412	17.088	1.16
165.676644062	5.011	1.86
68.602365389	10.87	-0.07
64.3746502453	10.169	0.09
64.4789984537	10.049	-0.52
95.8140760414	5.194	0.47
64.4139699306	10.075	0.39
104.933364743	1.817	0.72
110.473652795	8.704	-0.16
132.774207482	13.04	0.71
129.555504467	14.566	0.53
132.80220132	12.847	0.95
95.950136333	4.374	0.11
78.6251177797	4.829	0.15
132.775715151	13.031	1.35
115.304046927	12.846	-0.03
115.384325194	12.744	0.37
99.4021000934	3.385	0.85
157.105227925	10.117	1.58
147.455327811	14.084	0.58
98.9087117035	3.49	0.69
157.00321905	0.989	1.78
155.779901265	4.731	0.41
101.623956906	4.494	0.9
117.585748479	10.216	0.14
123.207480257	12.417	0.64
123.830246025	12.027	0.59
117.637430557	12.525	-0.14
111.607421578	6.065	1.21
149.285819028	15.496	0.77
118.170508031	11.821	0.51
162.925424303	18.758	1.08
164.942553299	17.91	1.21
159.415870804	15.332	2.32
147.281206674	12.519	2.31
115.122185933	9.697	0.56
106.31845065	3.838	0.12
109.659371657	7.031	0.09
112.049960308	5.227	0.05
138.452979205	17.564	0.85
103.987674689	4.416	0.41
103.986602135	4.372	0.22
103.992036224	4.342	0.39
104.119078287	5.92	-0.28
80.4530860938	4.236	0.16
101.771980635	4.303	-0.04
143.28864043	15.163	0.44
116.201667099	11.025	1.25
151.761800022	5.062	1.5
102.529621831	4.816	0.27
102.535341182	4.702	-0.16
98.7667684945	3.119	0.02
110.525325043	8.111	-0.27
110.552983208	8.191	-0.22
110.498329024	7.957	-0.6
110.510645026	8.002	-0.15
110.55385808	8.183	0.61
110.539440892	8.172	-0.42
110.543651369	8.202	1.05
110.545681329	8.102	0.16
110.539938197	8.098	0.02
110.384910446	7.897	0.62
110.400456772	7.93	0.82
110.553142949	8.116	0.86
110.553342793	8.062	-0.12
110.468325513	8.143	-0.58
118.482915794	12.034	0.14
118.45286485	12.001	0.22
104.574625306	4.566	-0.2
107.584752964	3.654	0.21
152.744510184	5.033	0.81
153.121161722	17.971	0.59
75.7637898852	8.419	0.3
103.35075183	5.799	-0.07
102.656074331	4.6	-0.15
110.462368257	7.966	0.62
110.59004994	8.17	-0.43
140.414476801	14.842	0.3
110.57516992	8.144	1.73
93.0776784218	2.366	0.15
147.785860696	12.363	2.41
98.5967974648	2.747	0.22
89.0054635592	4.451	-0.39
99.016727431	3.656	-0.13
137.167841814	14.615	0.3
137.172468223	14.703	0.83
137.041070623	16.28	0.73
137.228640477	13.201	0.39
135.446500313	27.859	0.49
137.204627345	13.05	0.36
137.158168508	15.008	0.55
137.174799972	14.584	1.13
137.189693296	13.911	0.59
137.409851159	16.792	0.5
137.144336544	14.472	1.34
152.630355266	17.521	0.65
137.094437132	15.477	0.45
105.755485522	6.533	-0.32
137.160732547	14.518	1.27
152.715593253	6.718	1.41
105.758600365	6.589	0.25
97.5717077252	3.448	0.86
103.027235145	6.161	-0.09
103.026308227	6.163	0.89
88.9218624004	4.555	-0.02
105.78047643	6.608	-0.21
153.379188509	18.162	0.75
104.120890915	4.749	0.16
110.576626987	8.159	1.21
151.917559184	13.375	1.74
151.920680925	13.395	1.78
75.4427377845	6.013	0.54
106.582175503	1.998	0.56
107.027662316	4.895	-0.1
154.408256202	16.106	1.51
79.2339737281	2.863	0.33
79.3268404046	3.305	0.24
104.149970199	6.434	-0.55
104.150200574	6.353	1.07
104.156482774	6.288	-0.46
104.136306979	6.327	0.44
110.484419364	8.194	0.23
106.239382027	1.654	-0.11
98.9544671126	3.176	0.06
106.243789789	1.605	0.56
101.616916655	3.173	0.35
77.7465920665	8.255	0.01
90.7407280799	4.421	0.39
103.788263187	3.294	-0.23
91.8869977344	4.232	0.56
91.9475512306	4.298	-0.44
101.623943138	3.271	0.74
110.535677861	9.804	0.36
77.8870728507	5.686	1.11
152.082407136	16.363	0.8
110.577062245	8.475	-0.18
74.6611915079	2.659	-0.09
96.9805965505	3.709	0.18
107.388620523	4.115	0.52
104.259502916	7.25	0.04
99.8357120798	4.49	-0.23
161.277372489	15.704	1.07
115.449685601	10.66	0.24
114.137031408	9.289	0.12
155.053798322	2.707	1.96
102.650009795	3.617	0.42
102.6434624	3.551	0.05
88.8332549527	3.771	0.31
88.7298755804	4.505	-0.15
159.788299011	11.968	1.09
131.169377671	8.967	0.63
99.4889098245	5.138	0.26
80.6380607971	4.852	-0.06
80.587003326	5.307	0.5
109.982525624	8.352	0.93
99.8216747048	3.163	0.01
99.8179411293	3.162	0.22
80.5550910254	5.326	0.53
146.6213279	8.585	0.72
110.410983047	7.779	0.95
146.76009671	18.365	2.27
105.989502782	4.565	0.46
111.728822398	8.812	0.97
111.718088792	8.781	1.18
70.3484915729	9.675	0.21
70.3784666346	9.659	0.85
70.3618387714	9.663	1.29
102.071901282	8.095	0.71
143.902569049	14.988	0.77
102.059426256	8.087	0.23
122.265983672	11.473	1.13
98.5612243937	7.068	1.31
98.6024434523	7.061	0.43
146.376269673	5.14	1.1
101.954823219	8.086	0.62
116.984526015	11.342	0.01
103.285635634	4.919	0.35
115.030230394	8.582	0.79
103.196170768	9.11	0.58
103.178471649	8.114	0.29
153.579645533	4.098	0.98
103.128094937	8.597	0.67
103.203341797	8.155	0.5
103.131782216	8.678	0.18
156.114566626	3.062	0.83
97.9089258769	1.562	-0.24
106.379990295	3.977	1.43
148.699443608	2.14	1
156.942507822	0.802	1.2
144.403265862	4.884	1.72
127.182934687	9.811	0.52
98.6846780658	7.127	0.86
98.6731590234	7.161	0.5
108.237052255	4.31	0.72
144.781062886	11.737	0.8
98.4356521358	6.851	2.31
98.4608335381	6.807	0
98.4953903074	7.005	0.38
98.361508468	5.133	0.35
103.362230327	3.564	0.03
106.568864901	2.356	-0.4
97.5027254717	5.826	0.38
97.6480757454	6.936	-0.15
105.205494033	7.013	-0.23
96.1110304354	2.202	0.36
102.073383653	6.344	1.51
118.459097712	11.876	0.03
107.252958104	7.424	0.78
111.812254477	8.951	-0.12
111.801586572	8.916	-0.03
107.461604635	1.606	1
98.284427211	4.519	-0.42
144.053053573	11.312	0.76
104.348136206	5.064	-0.27
104.729899764	5.298	0.28
104.73841981	5.321	0.07
154.464810243	3.334	1.45
97.1405270234	7.355	0.92
97.8473101817	4.132	-0.08
155.813495984	18.668	1.87
154.881789576	5.091	1.43
122.543503658	13.291	0.47
155.700218982	2.321	1.19
103.870290884	7.064	0.32
149.826282543	17.144	1.48
101.83155802	5.001	-0.38
77.7639264919	5.632	0.67
94.7303947917	6.565	0.48
101.296679968	7.233	0.83
104.006266051	6.273	0.17
104.268338856	4.219	0.44
104.696017426	6.159	0.02
104.568784977	4.59	0.22
136.661136203	15.061	0.47
131.08704729	11.966	0.95
44.5532440629	39.675	1.81
111.008389902	8.123	0.74
111.026585542	8.107	0.51
110.994332825	8.056	0.24
144.767754513	15.813	2.06
109.618274504	7.127	0.19
110.389030354	7.058	-0.03
95.8265089304	7.678	0.29
150.450058421	5.131	1.3
104.489111409	7.996	0.11
159.758116786	19.219	1.19
118.777970089	12.039	0.69
118.46028044	11.835	1.3
144.751823836	4.559	1.61
139.059422098	14.93	1.18
134.236125076	13.017	1.97
107.211728392	1.813	0.44
134.163180913	12.821	0.7
116.223534487	9.731	0.34
116.244064307	9.725	0.37
51.1793496995	4.51	0.75
51.1747882073	4.653	0.86
125.274140631	11.232	1.11
82.6035946071	4.535	0.81
98.2382883139	6.868	0.01
98.5982770635	5.095	-0.08
100.010444615	4.431	-0.15
90.1778253322	2.918	0.15
118.492360295	11.803	1.33
118.473526957	11.801	0.65
110.181363085	7.001	0.15
105.578597171	4.501	-0.08
105.694776876	4.626	-0.05
105.716828218	4.806	0.43
105.714856078	4.644	0.24
79.4333228622	3.686	1.45
31.3525103623	21.229	1.96
92.3791862595	4.198	0.9
130.797070424	11.353	0.8
121.512683917	13.407	0.11
145.678110853	17.315	1.51
119.089322563	11.717	0.61
153.546822145	3.331	1.71
100.200439346	6.299	0.76
103.420660908	8.981	1.39
103.969236699	11.397	2.44
103.762584037	9.194	1.8
103.960492878	11.783	2.4
103.461581159	8.853	1.66
103.480535594	11.177	2.19
104.89937141	10.154	1.5
103.149921005	10.048	2.11
96.818199913	8.259	1.3
102.900084767	9.989	2.1
104.820150296	8.381	1.1
104.928201286	10.148	1.43
96.9592770108	3.283	0.34
74.1104500419	5.156	1.04
103.14331375	9.921	2.32
103.713124042	9.263	0.93
103.767887599	9.448	1.18
91.2250154809	1.566	1.34
104.729498912	8.176	1.8
97.1316939478	7.843	1.68
104.59685313	8.651	2.35
105.190366096	9.625	1.87
104.924632687	8.795	1.67
107.399359066	3.528	0.29
103.638839601	9.838	0.38
103.199826827	10.86	2.4
103.347150041	10.22	2.39
103.707995922	9.145	2.39
104.096760108	11.184	2.06
103.86146295	9.632	1.77
103.482239508	9.829	2.4
103.492032098	8.816	2.23
103.871652318	10.333	1.71
104.435198478	8.081	1.86
103.74451412	10.522	2.73
103.904224513	10.503	1.92
103.75413598	9.485	1.9
91.2588259372	1.597	1.42
103.635414722	8.53	1.16
103.564481369	8.146	0.97
75.9051948893	6.365	1.22
104.20027716	10.464	0.82
103.079982835	9.162	2.48
103.710119175	9.981	1.92
105.663335988	7.465	0.56
125.216823558	12.832	1.26
92.5490282522	4.491	0.44
97.8141019205	4.746	0.55
154.567044089	20.862	1.47
101.744888187	6.04	0.99
91.2391488984	1.373	1.44
91.2530980052	1.486	1.28
97.8696245001	7.858	0.75
91.204052718	0.937	1.4
91.2345872861	1.337	1.44
119.777077881	4.271	0.58
125.155706122	12.833	0.75
100.290910404	6.349	0.31
103.713904995	11.303	1.12
91.2281789654	1.055	1.38
104.130119821	10.128	1.1
91.239143828	1.477	1.52
125.141994311	12.827	0.84
103.54979549	9.065	0.72
103.419925023	7.903	0.77
51.318427779	5.696	1.08
125.131325963	12.786	0.52
98.4977053955	6.778	0.72
31.3852098448	21.985	1.58
101.4964944	6.101	1.21
115.489513228	11.901	0.35
110.604879943	8.582	0.8
117.125020766	11.299	0.08
125.114245112	12.863	-0.02
160.497695188	13.528	0.95
105.996640849	7.41	0.68
158.866631705	11.287	1.79
125.145820924	12.838	0.73
157.114236989	2.265	0.74
106.262373961	5.583	0.67
106.244395437	5.406	0.5
100.910831931	3.906	0.72
131.719664376	11.326	1.58
106.196925165	5.289	1.38
163.494202204	20.105	1.64
131.399945485	10.013	0.98
96.2282557478	7.187	2.24
117.991827452	8.28	0.33
118.338791793	11.768	1.18
101.817190611	6.518	0.77
101.765823481	6.973	-0.03
101.82748677	6.536	0.75
125.150589681	12.805	0.35
100.771207761	6.49	-0.07
125.225622987	12.777	0.49
125.170452969	12.797	2.06
125.134320763	12.799	0.78
125.166215868	12.84	0.45
125.184556821	12.789	0.46
125.177833662	12.781	0.69
118.417629742	11.888	0.21
155.647399564	8.46	1.01
125.228965809	12.95	0.52
95.2342607082	0.443	1.02
100.562793582	6.667	0.85
153.583215069	3.868	1.32
101.040253873	6.318	0.66
106.403140709	6.773	0.26
106.359073156	6.738	0.18
115.086552663	8.288	2.2
115.143934964	8.171	0.73
134.191988318	12.974	1.43
115.124396222	8.273	1.36
134.167114213	12.983	1.36
125.144506233	12.854	1.34
91.2481221337	1.513	1.44
100.600321924	3.717	0.4
100.833647452	6.161	0.94
149.673315902	17.184	1.07
144.526171342	15.232	3.35
144.61901095	15.501	2.38
100.483901419	2.913	0.61
104.02241022	2.829	0.67
101.136108652	6.139	0.51
99.4850870352	6.575	0.16
120.945832657	11.367	0.7
120.944086145	11.358	1.09
101.121848348	5.926	0.04
150.939248165	3.883	1.7
31.2543642292	22.04	0.81
132.632702751	15.875	0.74
101.042383877	6.161	1.08
100.736774324	3.455	0.49
101.273252996	6.309	0.39
101.14162143	5.95	0.67
101.131456181	5.765	1.22
158.621992194	17.87	1.44
100.848698641	6.261	0.21
125.54238764	15.691	0.56
152.165582024	1.833	0.91
125.160453322	12.825	0.61
121.002966888	13.281	1.02
101.039397287	6.326	0.57
132.971541104	13.088	1.13
138.296685537	15.182	0.65
125.224702285	12.892	0.65
148.502638441	16.278	1.77
125.225465228	12.904	1.33
119.914436835	12.884	0.81
120.452087206	9.949	0.96
104.493122756	8.03	-0.23
83.0249300964	0.351	0.55
151.745352986	19.637	1.37
115.764645127	10.04	-0.03
101.097380001	6.14	1.23
106.888039221	6.322	0.53
130.014367243	12.018	1.03
100.64062525	7.943	0.77
122.679093444	12.495	1.17
125.105649306	12.807	0.44
104.347585228	2.469	0.48
102.221087567	0.218	0.33
85.7927983758	2.207	0.39
101.952938269	3.277	0.27
147.846554651	5.031	1.23
147.848338499	5.062	1.22
123.32384221	11.657	0.9
102.320313366	3.481	0.15
109.957946459	5.688	0.93
102.61993996	5.211	0.19
118.767510358	8.775	0.11
142.535738203	16.912	1.11
92.4275634643	3.257	3.71
141.534240204	12.974	1.79
142.535572948	16.817	0.87
92.586393839	3.395	0.32
92.6237532827	3.429	1.61
92.6122628206	3.555	2.67
92.6906421295	3.555	1.44
142.678933003	16.537	0.66
92.6501572589	3.57	-0.35
104.373739414	2.542	2.02
104.387649665	2.689	0.17
144.218355912	11.514	1.34
92.4955563273	3.135	0.1
92.2345776918	3.357	0.09
144.276466546	11.727	1.4
99.1810048605	4.28	-0.12
130.719246842	12.448	1.28
92.6244415504	3.545	0.12
97.2352692346	3.758	-0.27
100.858618772	2.862	0.51
100.8474615	2.838	0.96
104.36238396	2.889	0.56
104.384748048	2.842	-0.04
104.383024837	2.874	0.84
100.135852224	2.909	0.13
103.577866135	0.711	-0.45
112.141402366	3.567	-0.45
100.026675205	3.515	-0.07
113.933247979	8.929	0.42
108.569936232	3.277	0.18
91.0553169819	2.041	-0.33
92.2783207635	3.473	0.22
98.4052019578	6.586	-0.41
130.756374513	11.978	0.83
100.895509154	3.298	0.17
152.737254737	3.386	1.35
103.691381628	5.744	0.23
103.686717747	5.731	1.2
103.694225439	5.763	0.26
103.67923822	5.685	0.15
103.693046767	5.748	0.84
103.701973313	5.782	0.95
67.4835189529	10.443	0.06
67.372068502	10.695	-0.21
87.3361027275	4.05	0.63
100.794618903	6.268	-0.02
31.2306481632	21.992	1.21
101.72779761	2.961	-0.37
118.465707133	11.921	1.66
61.6964388191	10.892	0.35
62.1076684498	8.24	0.07
90.6497807962	5.059	0.1
31.062114194	21.677	0.95
101.06952626	4.32	-0.18
88.758582516	3.997	0.04
88.7581942498	4.45	-0.12
89.5813981045	4.968	-0.38
88.8707598661	5.158	-0.16
98.1501627324	4.449	-0.29
104.259699205	6.441	-0.18
96.7258978247	2.085	-0.22
84.2305281482	2.754	0.97
94.9837817338	3.434	0.36
103.859471851	6.89	-0.3
103.800998811	6.086	-0.39
118.447618506	11.931	0.12
116.496915759	10.036	-0.1
103.316457765	2.849	-0.09
130.081012452	11.294	0.85
141.426976398	13.787	0.57
104.59152087	4.544	-0.36
104.186024049	2.597	0.33
103.301580887	2.567	-0.45
96.3131286259	4.097	0.41
103.972967241	4.113	-0.04
96.3105176585	4.097	0.57
96.3176695329	4.097	0.35
139.863560851	12.737	0.64
118.383952999	11.923	0.91
118.377988836	11.921	0.43
104.646105028	3.117	0.48
102.48245034	2.736	0.3
104.627732006	3.101	-0.19
141.041749847	21.286	1.29
86.9771323525	5.727	-0.01
144.544175284	15.486	2.09
103.490828147	1.939	1.06
153.59358216	8.089	1.01
118.710807395	12.306	-0.19
86.1795594821	3.901	0.2
140.580211032	9.187	0.1
99.4012894697	0.158	-0.62
102.91169244	3.549	0.43
106.733660642	5.609	-0.22
102.27055235	2.469	0.42
102.269483564	2.083	-0.31
107.865160367	4.226	-0.42
108.096950538	5.23	0.09
107.805856215	3.851	0.05
79.9690295255	5.653	0.08
110.848892134	8.852	0.86
99.8067635621	3.449	1.23
144.583419696	15.173	1.27
126.68903451	10.439	1.12
104.169632811	3.926	0.1
110.881856947	8.851	1.09
98.2062606322	4.469	0.66
99.5390132702	6.367	1.06
109.678300638	7.641	0.51
137.679335183	16.297	0.54
137.925466088	14.412	1.35
97.2165952402	3.036	0.55
97.2153748935	3.014	0.7
92.617028948	3.738	0.76
144.572989945	15.267	1.79
144.517871741	15.184	2.8
137.96436386	13.591	0.71
137.97840759	13.538	0.72
145.940444233	16.903	0.7
153.97946121	18.379	0.68
62.700962717	9.386	-0.2
81.3679404367	4.504	-0.33
98.9968898768	5.411	0.59
95.2007961306	3.712	-0.25
144.835779763	15.322	0.8
107.804160422	4.65	-0.35
132.85775103	12.543	0.38
144.618704595	15.708	1.84
152.840756791	1.719	1.4
31.2834559475	20.143	1.09
142.82615627	14.949	1.14
142.81411798	14.72	1.82
142.804699962	14.542	2.76
142.79823735	14.397	1.96
143.009192519	16.268	0.99
142.977922458	14.132	2.15
142.768809824	13.663	1.21
142.778566154	14.159	0.97
142.807288815	14.63	1.96
142.824600058	14.718	3.62
142.875912506	14.906	1.53
142.778529144	15.637	0.85
142.644483506	16.693	0.83
142.866940049	14.373	0.97
142.754642327	15.404	0.86
143.047646866	17.865	0.74
142.51979384	14.64	0.64
142.820792449	14.846	1.58
143.132010149	19.524	0.92
117.507641229	11.069	0.66
144.250819466	0.758	1.24
100.058885512	3.288	-0.05
101.53640071	3.921	0.35
100.296777605	3.262	0.67
100.573264703	4.14	0.4
144.406471828	15.934	2.05
142.751196299	14.564	0.83
99.988243502	3.456	0.2
97.711245309	2.994	0.19
144.648001947	15.845	0.97
99.9568042195	3.471	0.58
142.819757491	14.548	2.79
142.743608884	14.609	1.79
142.878421221	14.155	0.7
142.890242013	15.194	0.98
147.796507104	13.049	0.93
104.994578944	1.999	-0.1
142.759527544	15.225	0.89
142.780136291	15.057	0.68
99.0811798562	5.457	0.95
99.2763362398	3.778	0.29
103.429814755	7.579	0.23
142.759232935	15.629	0.64
151.372756937	12.68	0.68
126.012109224	11.79	1.27
139.809778201	13.251	0.38
144.589616287	15.519	0.84
104.692565937	2.166	0.16
100.329002732	4.121	-0.01
82.1893150894	3.099	0.5
143.268502297	17.223	0.92
105.730832624	2.582	-0.18
79.1849021276	6.644	0.61
108.604384947	4.688	0.08
101.201041858	4.031	0.36
108.216558519	4.525	-0.08
61.9077082651	8.593	0.23
101.383098148	2.414	0.14
101.363446375	4.618	0.28
134.87070278	13.277	1.21
105.253354273	4.832	0.09
155.424520963	0.215	0.97
134.64020366	29.985	0.83
155.418278402	0.252	1.79
115.734231147	9.831	-0.1
111.587064576	7.757	-0.38
111.567669134	7.73	0.2
100.153935658	6.305	3.76
100.250486618	4.219	0.4
100.111490217	4.529	-0.3
100.152340819	4.348	0.78
100.241409144	4.144	-0.05
100.030087833	4.144	-0.13
99.3675257987	5.531	-0.26
101.336301954	4.14	0.29
100.306171651	4.313	-0.12
99.6959843165	4.789	-0.24
100.450308693	4.623	-0.29
100.323201179	3.893	1.02
100.287028471	4.261	0.17
100.086285186	4.327	0.47
110.163930365	9.139	0.56
100.527142482	4.453	-0.1
145.945986936	15.572	0.64
138.021496394	15.557	0.28
100.540516368	3.907	-0.17
115.747149329	7.903	-0.33
100.212640823	4.361	0.01
132.792261402	13.23	0.58
100.099060052	4.361	0.52
133.614499581	13.173	1.17
152.094555353	1.139	0.92
115.25000554	13.364	-0.1
142.718861488	14.146	0.74
158.928009858	2.38	1.46
115.36268222	12.869	0.39
115.22570868	13.306	0.56
115.233927717	13.291	0.48
133.601136787	13.203	1.07
133.599017109	13.19	1.01
144.552976351	15.163	1.39
104.697253462	5.508	0.57
82.4870343265	4.427	3.72
82.5706092106	4.661	1.21
100.395792834	4.435	0.24
100.448444863	4.528	0.54
104.316654752	4.613	1.32
98.1392983509	4.287	-0.29
118.588306257	8.314	1.46
99.2080080746	3.109	0.33
83.3798265927	2.158	0.67
139.217185819	16.28	0.39
139.498741439	15.567	0.79
82.3737274604	4.635	0.32
82.382529538	4.699	1.16
82.6653252137	4.311	0.31
144.736081078	15.868	0.53
99.2018450956	3.094	0.08
82.3803492428	4.617	0.45
118.618729606	9.012	0.44
98.8865352782	3.139	0.18
118.24297666	8.018	0.44
134.070180525	13.152	-0.08
95.6844857756	2.277	1.66
95.68299967	2.329	1.27
95.7049230176	2.314	0.08
98.2463624204	3.41	-0.09
100.778845493	8.583	0.29
145.439202755	6.48	1.33
95.6892801512	2.363	0.64
100.040327873	4.615	-0.09
31.4707593642	22.03	1.26
144.525950034	16.123	1.3
145.065643488	19.288	0.48
144.40234469	15.775	1.49
144.387638431	17.582	0.57
144.401608936	16.734	0.51
144.43357503	16.957	0.46
144.578649791	16.609	0.98
144.311524732	15.829	0.83
144.561349235	16.344	1.54
144.569777374	16.089	1.82
144.527289483	16.036	2.05
99.0404341281	3.886	0.84
144.320766634	17.13	0.76
144.544091279	16.112	2.22
144.50240097	15.937	1.39
144.538111667	16.164	1.57
144.496454421	15.928	1.74
97.7647453027	3.936	-0.32
144.523683012	15.965	1.87
97.7187753379	1.446	-0.52
144.421771332	16.392	0.61
144.243193091	11.445	0.64
146.370660974	11.468	0.44
144.495038727	15.78	0.87
103.021357175	0.754	0.07
142.742663623	15.553	1.1
144.193434584	15.177	0.3
142.810921318	14.993	1.18
144.525660167	16.007	1.34
142.992015415	13.734	1.09
142.86271899	15.238	0.68
144.549140422	15.984	1.88
107.586105852	3.707	0.53
95.7238774787	2.36	0.74
116.262636113	9.701	0.01
131.688910234	14.674	2.29
98.2513922371	3.815	1.49
98.2558013552	3.769	0.45
107.152381022	13.697	0.27
98.2381987466	3.786	0.21
98.2463116303	3.848	0.4
98.2279821654	3.844	0.62
98.2622722584	3.781	0.36
144.436378647	16.295	0.83
144.416356427	16.193	0.86
118.822881136	12.089	1.85
118.802161445	12.111	1.41
100.080158913	3.653	-0.33
110.910777892	8.767	0.62
95.7438994375	2.256	0.35
118.80989982	12.106	0.21
144.612640023	15.641	2.21
95.7385887063	2.217	2.2
134.251981222	14.148	0.38
118.808330075	12.454	0.07
89.988170757	5.493	-0.75
144.561778556	16.036	1.18
144.538510855	15.808	2.23
95.7464106783	2.239	0.77
118.769012026	12.053	0.31
31.295948534	21.916	0.76
100.53906975	1.926	0
142.730503661	5.666	0.41
142.674178389	14.715	1.18
118.813215662	12.039	1.1
95.7571118476	2.156	2.63
95.8112563939	2.188	-0.06
95.8138149692	2.178	0.03
95.7391004099	2.332	0.11
99.6418419156	5.361	0.79
99.6450326483	5.369	0.33
144.60292374	16.347	2.02
144.551471796	15.786	1.68
144.54525299	15.824	0.71
144.705016128	15.898	2.88
148.331677417	17.851	0.65
144.826379497	16.505	0.69
148.401135506	17.852	0.1
136.602850089	14.829	0.58
99.5572216904	3.993	0.25
139.748096436	18.93	0.78
89.2314862119	3.969	0.29
94.6200956536	5.061	-0.37
133.12370104	15.015	0.73
98.5102582167	3.518	1.01
98.6103746118	3.168	1.88
144.563744443	16.001	1.02
134.273926696	14.561	0.43
103.896753441	1.955	0.88
100.382715979	3.737	-0.12
100.490703311	4.105	-0.31
148.093109085	18.558	0.72
135.607783448	14.193	0.71
94.2763521018	1.152	0.33
103.687105588	3.315	-0.08
100.334813134	3.839	0.33
109.913560256	5.271	0.4
144.668411737	17.443	0.81
101.37207379	4.663	-0.03
99.4119274711	3.208	-0.05
113.035138133	7.001	0.44
105.810203644	7.646	0.55
84.6504734591	5.721	-0.12
102.181990037	3.274	0.72
102.173402568	3.256	0.03
99.2986423258	0.745	0.57
97.0634801691	3.501	1.06
97.0535454497	3.49	0.3
129.204136351	8.642	0.8
129.222476164	8.619	1.15
144.661266516	15.824	1.74
143.412030211	11.889	0.47
117.519548527	8.956	0.52
97.7368026513	3.199	0.38
101.750466536	3.439	0.32
99.4729630651	2.727	0.1
91.9758052975	4.252	0.33
98.9695947707	5.397	0.94
150.70490635	4.659	0.99
105.490232489	0.616	-0.11
147.795145711	5.582	0.95
143.170546523	21.326	0.39
130.728935624	12.649	1.26
130.753878905	12.599	1.23
106.260415237	4.478	1.01
106.065512223	5.13	0.97
105.606343187	6.398	1.12
105.893294474	6.017	0.37
105.941724965	5.463	0.47
105.447996724	6.478	-0.23
101.670463954	4.089	2.42
101.222771388	4.64	0.31
90.2432920548	3.003	0.38
127.472333121	13.376	1.04
125.595337316	14.912	1.22
154.107549791	5.052	2.29
97.5786738765	5.096	0.3
101.753671188	3.778	0.36
163.673445365	19	1.59
85.4682584127	0.777	0.43
146.111687079	18.606	0.83
100.529727097	2.118	0.69
100.177063476	2.785	0.39
136.610139797	14.673	0.86
144.639840478	16.297	1.27
100.982924841	5	0.18
82.5157814004	4.07	0.51
144.187581297	2.689	1.03
148.707159669	17.156	1.6
139.555674018	15.835	0.65
103.782025226	4.488	0.96
103.782277978	4.448	-0.1
103.777834576	4.481	1.28
100.911173025	5.623	0.35
156.805487379	15.338	1.28
97.743066754	3.511	-0.07
128.992826837	18.616	0.44
100.060382524	3.961	0.35
100.048658913	3.964	0.36
158.486516582	21.417	0.74
100.181789328	4.431	1.35
150.275769235	14.957	2.23
139.61083605	15.241	0.71
151.207838088	1.609	0.34
139.728792864	15.555	1.23
139.709822644	15.529	0.73
100.212804504	4.451	1.06
139.643464704	15.562	1.48
139.705445286	15.844	0.67
156.58028923	1.253	1.91
153.079200767	2.328	2.07
125.123191562	12.772	1.18
147.099797664	14.078	1.56
152.690105997	2.615	1.72
97.8124527834	3.592	0.36
123.873150375	10.928	0.79
82.0993250318	4.376	0.61
153.360719469	10.604	1.79
109.037118953	7.581	0.62
109.028657259	7.593	0.46
109.024077235	7.609	0.47
130.819301283	12.228	0.77
142.945395137	14.996	1.99
101.313279811	7.629	0.17
149.351663465	17.548	1.21
112.958205486	0.173	0.4
111.551901443	4.065	1.73
111.27334843	2.653	0.99
103.504151102	4.642	1.21
93.8284046343	5.245	0.32
93.8307798852	5.229	0.13
102.428857466	7.057	-0.05
107.228145669	1.4	-0.05
100.323019194	4.17	-0.42
109.862659619	6.621	0.56
158.462285733	11.502	1.63
140.002581568	13.326	0.56
128.655939258	12.851	0.53
109.783428702	4.754	0
146.45315464	9.064	1.17
157.087171803	3.055	0.7
118.806194387	8.004	2.45
69.5868503516	3.445	0.5
103.393510326	4.228	-0.31
76.6122752991	8.091	0.2
105.515803951	4.578	-0.26
160.613313384	3.374	1.33
157.752740912	2.801	1.31
103.829432271	3.978	-0.34
103.840828021	4.149	-0.3
88.125143398	4.105	0.05
158.310491083	4.454	2.55
136.228465445	14.289	0.43
75.9717602174	11.638	0.8
149.403475083	9.913	1.15
82.9336275116	7.214	1.29
165.943719273	8.637	0.85
158.242034742	4.569	1.45
158.156304165	4.545	2.71
158.112786798	4.49	1.82
158.251690197	4.788	1.12
158.577092086	4.54	1.14
158.499487769	4.534	1.05
158.853039364	4.016	0.64
140.430892979	12.405	1.96
149.380392095	10.199	1.13
97.5318772782	3.184	0.2
149.382522703	10.225	1.7
157.089265411	2.534	-0.15
159.258565165	5.841	0.78
130.514417728	11.39	0.25
149.382612864	10.092	0.83
159.027450056	5.816	2.19
159.131597056	5.793	0.87
149.271410946	9.972	0.47
32.2677424529	15.312	0.89
159.095074147	7.898	0.52
100.058092201	4.314	0.95
159.688128665	11.873	1.1
149.818186313	9.812	1.05
160.925947615	11.026	1.87
76.676213826	6.237	0.39
160.146104892	9.992	1.29
99.3830539107	3.249	1.01
148.231921294	12.083	0.09
117.52471593	10.345	0.82
158.593254064	6.243	1.63
148.545474305	12.335	0.29
160.915805676	11.031	3.17
161.799774941	7.04	0.31
148.03240272	11.988	0.71
147.921049375	12.496	0.61
148.105414372	12.05	0.21
112.704313669	8.801	0.77
123.491088195	9.803	1
161.035209352	10.944	1.4
159.864280127	9.938	0.55
146.209722077	8.676	-0.05
178.757478963	18.25	1.33
160.850821891	10.569	0.59
160.894989393	10.724	0.62
159.256833846	5.886	1.16
123.663360734	13.538	0.56
166.850892115	8.964	2.1
149.286494262	10.12	0.62
161.06587785	10.71	0.75
160.67791929	10.249	0.97
149.045924306	10.874	0.63
102.330479046	4.947	0.16
120.733008107	7.297	0.88
162.070362576	11.525	0.88
170.603808565	10.41	3.11
162.103180866	11.547	2.45
159.748585952	9.794	0.83
98.9072307615	3.075	-0.09
174.711910647	17.796	1.07
157.153842435	3.597	-0.32
164.377451356	12.284	1.02
151.163217434	8.156	0.15
63.2776223955	43.956	2.3
148.508861217	5.023	0.04
150.493409664	7.478	0.84
153.947076315	9.533	0.17
82.8212054888	7.317	1.43
163.608938241	10.619	1.2
172.210529308	16.077	2.9
114.80050508	6.634	-0.11
92.9137799438	5.185	-0.13
153.272813523	9.631	0.48
98.4870713556	6.632	0.04
123.155270981	5.965	0.14
103.952779375	6.851	-0.34
104.051281783	6.745	0.65
106.636232087	4.167	0.7
170.006949103	13.984	0.75
103.994426294	6.788	-0.48
161.901238658	2.832	0.33
161.970794958	11.523	1.2
166.854331971	8.707	0.87
147.945027834	9.052	1.84
149.262064621	10.143	0.74
153.961679435	9.327	0.77
81.4468697574	7.585	0.22
148.254711196	11.199	0.53
194.377384144	24.151	1.87
82.8651987873	7.249	1.06
150.953959461	8.484	0.88
146.332897742	8.88	0.75
173.16859619	16.028	1.3
178.46354923	20.872	1.35
170.759148333	15.369	1.78
112.448598048	7.625	-0.01
91.223254331	5.335	0.29
155.022503679	10.101	0.36
107.586848727	2.101	1
107.563496939	2.124	0.41
117.019033692	7.463	0.89
127.427290288	12.273	0.19
89.9394111305	4.531	1.21
145.516356527	9.391	0.28
96.7145168476	4.518	0.01
112.443643236	7.614	0.44
114.641609825	7.481	0.54
171.13037786	16.685	1.16
83.0633063572	7.939	0.83
164.624326099	4.151	0.73
160.641934605	11.084	0.51
40.2808915006	17.434	0.85
172.0199194	15.764	1.39
149.48608133	11.348	0.8
101.583123972	5.211	-0.37
105.789952559	3.78	0.47
122.738885806	10.422	0.54
54.3797090694	3.048	0.19
105.833908994	3.824	-0.05
82.6196235227	5.822	0.02
159.405027578	9.821	1.1
106.344651581	3.87	0.03
157.272521802	8.1	0.98
79.8600134028	8.284	1.27
54.314230477	3.959	0.72
127.321673772	12.633	0.56
101.436215905	3.129	-0.45
150.19998525	9.212	0.66
127.301656202	12.604	0.07
161.002877501	10.905	0.11
145.705271178	9.075	0.13
174.16000084	17.128	1.07
159.342500288	5.986	0.31
146.402283548	0.256	-0.02
167.319605868	5.933	1.18
146.454110043	9.131	0.14
82.9227423265	7.252	1.26
99.0053362959	4.298	0.43
106.874751913	2.188	0.26
161.227526105	9.033	0.95
111.082336566	6.665	-0.47
157.469030862	4.536	0.61
145.329533986	9.426	0.1
97.2174491177	5.295	-0.45
159.327612327	10.899	1.26
103.988161568	4.601	0.69
165.483770142	12.336	0.52
158.233087415	6.418	1.62
156.631032743	1.501	0.08
116.255377793	7.621	0.05
167.680133367	4.122	0.97
162.850250108	10.998	0.62
158.726189307	10.41	1.36
150.833954974	2.945	0.04
167.349399764	5.979	1.79
148.0918806	7.491	0.44
164.843938021	13.528	0.2
164.485553739	11.094	0.77
164.72645264	11.423	0.3
103.319941777	3.323	-0.41
98.6349638503	5.927	0.74
98.716567182	5.804	0.2
97.8025485673	3.622	-0.04
166.801690411	12.281	2.41
98.6139189004	5.951	0.83
158.889217905	5.229	0.29
126.558426592	11.433	0.18
126.560341693	11.44	1.57
126.55741082	11.436	1.19
146.471051626	11.626	1.02
119.616909046	12.15	0.01
126.55854795	11.447	1.03
125.377656559	10.733	0.45
126.555013932	11.422	1.5
126.558569134	11.431	0.28
126.556176527	11.417	0.41
168.726859777	15.913	0.93
104.417949028	4.142	-0.14
104.364515686	4.296	1.16
104.434852989	4.35	0.73
104.371087917	4.239	0.66
104.38614536	4.256	0.61
104.338109932	4.26	0.81
104.404537057	4.356	1.42
104.430525303	4.379	-0.05
104.437477013	4.385	0.44
104.429840595	4.403	1.32
104.45053611	4.443	-0.03
104.412452087	4.511	-0.06
104.314964669	4.272	0.07
104.356055886	4.371	-0.15
146.474672958	11.57	0.67
146.10260386	7.364	2.16
110.641996798	7.861	1.61
126.55640941	11.426	0.62
126.553649943	11.423	0.65
126.555163696	11.418	1.35
126.552501218	11.387	-0.16
126.565034658	11.354	0.34
126.56635209	11.339	0.3
126.562637758	11.31	0.08
146.524351175	11.663	1.13
126.558759719	11.381	1.2
126.557059767	11.383	0.59
126.592963892	11.5	0.74
126.559336721	11.384	0.06
125.706613792	10.401	-0.11
126.558993937	11.372	0.11
126.556086263	11.319	0.72
165.835248135	12.894	2.1
126.570129826	11.321	-0.29
126.557578276	11.396	0.38
126.55587135	11.39	0.76
105.675554932	5.496	-0.32
105.942564475	2.756	0.09
92.7885842204	4.283	-0.3
165.987975029	13.124	0.9
165.892878309	12.869	1.52
146.417410414	11.559	1.63
155.670707048	8.64	1.03
99.5984885936	4.296	0.25
97.885156731	1.859	-0.14
101.03214893	3.569	1.1
146.464642531	11.619	1.17
105.559659492	5.288	-0.25
159.133245737	5.878	0.67
147.584215547	12.415	1.23
120.095764672	7.443	0.1
143.949885105	12.851	0.87
146.649087069	11.185	0.67
164.042731745	10.849	0.66
164.02532067	10.862	0.78
137.075708611	14.641	0.44
181.552802865	20.301	1.68
96.1040548481	5.19	0.12
96.1580031094	5.233	0.26
81.2108744116	7.083	0.14
163.827961406	12.656	1.5
129.969754381	10.122	1.77
114.541344853	7.65	2.01
159.539761197	6.334	0.55
160.926689584	14.41	1.28
105.278680432	5.162	1.97
99.0011818334	2.702	0.85
170.282394329	15.333	1.04
152.138123302	0.549	0.23
141.547277375	13.969	0.05
174.732019416	17.667	1.02
162.385014579	10.856	0.9
103.584249268	3.293	0.19
87.8562050691	5.363	-0.05
134.647201753	13.773	0.3
99.0303390776	2.803	0.76
114.030178155	4.755	-0.53
144.648867095	6.042	0.84
155.274049215	11.645	1.4
158.527936932	4.986	0.2
75.7558188834	9.851	1.09
118.541030107	13.961	0.14
121.726616496	8.979	0.08
132.597417774	11.902	0.45
111.50549458	7.63	-0.01
75.7460275705	9.846	1.45
87.4048298112	3.656	-0.03
106.433381664	4.076	0.7
124.261247598	9.037	-0.04
124.305543091	9.301	0.41
146.330143317	8.949	1.35
164.186270804	13.256	1.37
164.450253627	13.471	0.75
168.48098882	15.094	0.88
83.3420973212	7.127	0.38
192.981462969	25.09	1.32
103.345503239	4.654	0.44
147.554340484	12.733	0.67
162.946928783	10.511	0.27
154.41774725	5.059	1.23
125.633814452	6.833	-0.2
158.368099105	8.79	1.45
155.574653057	6.1	0.08
127.90558376	12.82	0.13
127.878680176	13.221	0.26
128.210360391	13.597	0.16
106.731671615	6.086	0.18
106.728059656	6.071	0.24
146.3426092	8.956	0.42
110.785665353	8.089	0.64
128.18043522	13.583	1.78
106.750252709	6.084	0.14
159.374870314	9.231	0.88
157.583355111	8.974	0.93
154.292201552	2.488	0.36
165.606602356	13.458	0.89
162.570492226	9.169	0.33
100.023107078	3.691	-0.36
100.543665459	3.603	0.18
185.45007232	23.155	1.86
162.562971901	9.13	0.23
99.3914046916	3.106	-0.11
98.010848907	2.262	0.49
174.0261453	16.759	3.23
151.581758038	6.687	1.13
155.039463491	11.152	0.83
146.472111572	7.552	1.6
171.671985654	14.932	0.69
145.544441794	9.488	0.62
145.541998092	9.479	0.39
145.76549709	9.96	0.33
159.453990056	7.653	1.22
159.496180493	7.737	0.59
158.28178411	8.214	0.52
145.676398287	9.644	0.86
104.068516837	1.296	-0.23
145.739710188	5.776	0.67
145.708463596	5.778	1.19
134.867356397	12.72	0.85
156.838355939	10.456	1.19
159.098801284	8.945	2.26
99.9086281474	5.441	-0.02
99.2767681921	4.339	-0.11
82.8279401142	7.389	1.5
156.686437518	4.999	0.01
155.957457111	5.72	0.1
156.0516187	6.975	0.29
127.567910764	12.626	1.47
110.147633785	4.182	0.87
148.657745007	10.159	0.53
97.3387882624	5.956	0.67
159.253028383	7.286	1.14
157.09757024	5.014	0.23
147.990084012	10.208	0.6
163.118534792	13.36	1.51
140.415299282	9.817	1.62
161.521964194	10.748	1.25
102.078215758	4.347	0.74
157.615592652	6.776	0.97
98.7686061043	3.042	0.39
36.0014342079	17.905	1.09
165.89063978	12.489	1.11
169.915523571	14.528	1.59
79.7018073683	3.986	-0.07
79.7474697092	3.985	0.44
174.153068569	16.814	2.55
79.7402250663	3.979	1.1
146.33318587	9.025	1.08
127.366398415	12.608	0.65
165.585858302	12.25	2.12
118.026459683	7.696	0.18
107.301604452	6.766	-0.43
164.508967831	12.251	1.07
156.42650431	6.788	0.45
155.789532758	5.552	0.32
156.768154366	6.24	0.94
92.5662540571	3.285	0.12
156.758086301	6.221	1.12
104.493837389	4.546	0.15
156.726041042	5.626	0.21
159.752619395	9.354	0.94
156.794747884	6.242	1.14
156.807619744	6.243	1.12
157.078639208	6.265	0.95
106.442087614	5.524	-0.08
155.806019416	6.373	0.43
104.454943302	4.547	0.2
20.7995844939	14.911	1.36
157.939625518	4.156	0.63
97.6393798368	3.343	0.86
105.896433715	4.655	-0.09
99.9361488493	5.853	-0.34
156.813050632	6.163	0.84
157.104959609	6.092	0.9
104.493871746	4.61	0.17
104.455834748	4.561	0.42
131.081654642	11.351	0.84
104.452042197	4.563	-0.07
92.6648490187	3.455	0.37
131.104667523	11.337	0.79
107.140416996	2.007	0.35
162.653652824	9.655	0.54
146.357468148	11.957	0.63
146.453978884	9.081	0.04
160.36076365	11.237	0.83
169.136467322	16.627	1.26
146.48410079	11.264	0.65
104.011067549	4.348	0.67
195.635487739	23.655	1.77
161.439662883	10.244	1.21
100.283284958	4.878	-0.66
103.533839189	5.583	0.35
103.476942129	5.645	1.44
146.328071402	9.033	1.75
146.336499442	9.061	0.56
164.121090425	10.802	0.4
159.551917014	9.247	2.01
104.179161475	5.287	0.07
159.019943651	7.548	1.09
97.5063077838	2.925	0.74
154.350187639	12.021	1.08
159.561665747	9.265	1.11
173.68496372	16.418	1.67
99.6247619284	4.441	0.54
157.680111184	7.713	0.68
172.915895581	16.023	1.13
144.950519802	11.279	1.36
134.85053391	11.774	0.02
152.812261899	2.998	0.63
147.02193357	7.824	0.23
161.206902746	9.801	1.28
161.50436605	10.542	1.13
159.698308462	9.365	1.1
134.484597284	11.168	1.3
159.726124187	9.386	1.07
105.122096611	3.726	0.37
154.293939429	6.412	0.87
154.093824568	6.252	0.78
116.633026383	9.07	0.26
99.1297949036	1.666	1.1
103.153812459	4.117	-0.05
183.804725355	16.424	1.25
66.6079947207	9.962	0.41
159.185339634	12.146	0.52
103.732901198	0.441	2.22
104.040549371	1.212	2.18
110.475348954	0.38	0.55
144.873681532	10.707	1.81
144.918123536	10.789	1.16
144.877045005	10.695	1.01
155.233049784	12.644	0.51
145.133736834	3.907	0.68
147.238338672	10.687	1.55
102.759893914	1.899	1.67
170.285695937	15.888	1.45
82.4451699404	4.684	0.48
158.820639139	9.305	2.51
145.876372463	7.334	0.24
106.575650999	5.744	0.71
120.70109622	6.151	0.83
120.660038307	6.124	0.98
163.326545003	9.136	1.26
100.617462221	4.141	1.36
147.409505788	10.761	1.21
153.487370967	3.093	0.43
133.061729514	10.382	0.51
133.061475358	10.379	0.59
144.952226001	0.966	0.3
99.8869972943	4.925	-0.22
149.607551745	5.688	0.36
101.17742305	6.07	0.26
101.166955834	6.07	-0.15
124.026124001	9.624	0.72
124.034683846	9.788	0.42
149.485422479	7.477	1.44
118.84309944	8.274	0.31
74.2637202971	3.629	0.17
100.632979319	4.169	0.18
100.011686463	5.302	-0.25
100.643015644	4.185	0.09
147.205994137	10.581	0.15
132.972565766	10.411	0.39
124.014237083	9.607	0.6
150.235375128	6.602	-0.08
157.596936781	9.3	0.54
164.666928759	10.718	0.96
33.3777603975	15.67	1.5
164.444857409	11.751	0.79
100.179094473	4.383	-0.23
99.9271923335	4.882	-0.42
100.220471379	4.353	0.07
100.212081514	4.344	0.4
100.016214149	4.655	0.52
163.794248554	10.329	1.03
164.131805308	9.96	0.53
148.148758741	12.749	0.5
104.44048179	4.436	0.76
104.441733018	4.456	0.89
109.587324532	7.793	1.28
103.307590497	4.156	0.23
96.3086935403	1.934	0.47
165.42944098	6.893	0.75
144.823580153	4.314	0.39
158.596143443	9.097	1.07
87.7257152307	5.089	1.04
151.995924058	7.098	0.94
165.791799273	14.035	2.73
161.02807933	9.225	0.99
165.307394237	13.737	0.73
39.344006279	15.867	0.95
117.032012144	9.221	-0.16
101.729357899	4.301	-0.48
162.055575893	8.994	0.21
73.1022487306	6.083	-0.3
165.742324473	14.034	1.39
146.332706312	8.985	0.01
42.2417651135	18.051	0.55
146.473582279	8.889	0.33
147.800081754	8.242	0.43
182.920977663	21.124	1.06
100.385699081	5.238	0.59
115.907647755	7.38	0.36
129.733531568	10.89	-0.21
161.78593405	11.339	1.18
146.042743118	10.892	0.09
146.300341938	10.891	0.63
159.387825152	10.512	1.1
161.80087018	11.324	1.17
161.845662488	11.413	1.3
165.755465387	13.734	1.23
165.769632282	13.723	1.39
91.6077374434	4.101	-0.27
97.8828769311	3.652	-0.06
41.2370907832	18.394	0.61
104.996738563	4.725	-0.16
104.966722706	5.931	0.24
104.969740368	5.844	1.12
104.942737925	5.846	0.31
104.68320241	6.321	0.29
104.978671367	5.894	-0.08
104.970144736	5.894	0.27
105.020843408	5.755	-0.16
104.969839752	5.931	0.15
104.957109746	5.809	0.23
104.970182482	5.838	0.79
104.98994476	5.927	-0.18
104.983303574	5.865	0.62
104.998964966	5.982	0.15
104.974845818	5.939	0.34
104.964396892	5.924	0.34
104.957185654	5.887	-0.03
104.925307551	5.85	-0.62
104.957615603	5.794	-0.22
104.922407558	5.819	0.53
104.973926601	5.985	0.11
104.996236724	6.033	-0.52
104.923314915	5.782	-0.05
104.926616853	5.824	0.27
104.916612212	5.817	0.9
104.903019912	5.798	0.31
104.172400525	7.116	-0.08
105.084531699	5.5	0.23
104.948667993	5.878	0.07
104.643580086	6.346	-0.55
105.265339561	5.356	-0.11
104.896265	5.801	0.66
129.590130842	11.105	0.57
173.258406625	15.263	0.88
104.94613396	5.801	-0.07
104.942177932	5.813	0.16
104.95694501	5.797	-0.33
155.684625531	2.539	0.84
149.453869141	9.289	-0.36
175.180820622	17.745	1.53
102.141149762	3.919	-0.68
165.037223445	11.98	0.25
167.832044379	13.437	1.79
167.848267914	13.417	3.69
102.022849683	4.817	0.45
102.233901963	5.896	1.36
102.226151392	5.902	0.9
109.566993584	7.741	2.26
108.907753432	8.221	-0.38
148.6891157	10.242	0.93
157.15664433	5.417	0.15
109.621341534	6.47	-0.16
109.631546229	6.529	-0.17
109.620028049	6.59	0.13
109.511571809	8.04	0.1
101.5375353	3.665	-0.27
167.32134755	12.638	0.65
150.078977636	10.411	1.49
153.508170265	9.56	1.57
126.497183184	11.465	0.38
188.22425414	24.309	1.93
173.329601098	16.071	1.11
80.8639443533	7.36	0.02
103.965247223	7.254	-0.11
106.654775003	5.796	-0.61
97.6767354317	1.847	2.42
103.324178977	4.072	1.04
157.694704756	6.469	0.79
158.567963062	6.062	0.68
97.6643963549	1.917	0.67
157.970073364	10.695	0.8
104.969751424	3.356	-0.33
97.5843331648	1.716	0.6
167.823370213	12.878	2.65
101.266917887	4.12	0.68
106.757733527	4.649	0.16
162.792849793	9.371	0.2
97.5965833096	1.838	0.72
97.6996434419	1.953	1.05
54.3737646895	0.81	1.61
168.769166425	10.823	1.22
164.725880925	11.42	1.1
147.746667017	7.291	1.15
81.2109845156	6.388	-0.09
151.842694595	2.881	0.19
89.5002100895	4.182	-0.09
86.4872014538	5.642	-0.17
163.713791411	10.56	0.15
42.1012366791	18.195	0.58
151.925780987	7.876	1.1
104.919432842	5.883	-0.14
104.910793037	5.845	0.9
104.930685615	5.906	-0.17
104.91576081	5.88	0.61
104.925461817	5.89	1.11
104.933837161	5.838	0.9
104.933735878	5.852	0.5
104.944600067	5.887	1.44
104.95291908	5.897	1.4
104.923879492	5.905	0.42
160.648766822	8.992	0.85
104.907594968	5.844	0.25
104.86504183	5.85	1.52
104.834342052	5.791	0.4
104.900361954	5.927	0.26
104.890608778	5.912	-0.05
104.864236852	5.817	-0.41
104.838051401	5.86	1.65
104.816120575	5.873	-0.3
167.800436206	13.448	1.37
155.72677481	4.955	0.29
99.3850036984	4.095	-0.5
104.839433561	5.824	0.69
151.924634038	8.015	0.85
104.788871001	5.647	0.42
104.798201509	5.697	0.63
104.799666222	5.724	0.98
104.835456999	5.763	1.42
104.821060242	5.782	0.34
104.829833393	5.8	0.65
104.822981296	5.768	1.05
104.79898186	5.751	-0.46
104.856270956	5.79	0.17
104.807298939	5.696	0.57
104.861645417	5.801	-0.32
104.865096751	5.806	-0.3
104.829206789	5.768	0.73
157.339935466	7.834	0.7
54.199939351	3.339	1.53
104.710833553	5.619	-0.62
104.704487321	5.635	-0.23
161.017989054	13.524	0.44
161.022371183	13.517	2.07
102.207135462	4.564	-0.22
73.8165535357	3.983	-0.43
142.799133558	11.844	0.64
177.369845971	18.97	1.33
101.117723626	4.002	-0.54
149.34305868	10.201	0.32
160.161296007	8.052	1.15
169.810772943	16.904	1.11
110.439437657	7.939	0.55
157.325769521	6.357	0.55
154.46012717	12.856	1.47
118.535542623	10.118	0.19
118.533908618	10.12	0.3
160.654249275	9.042	0.74
103.960126712	3.747	-0.56
118.525592204	10.105	1.25
100.384432805	4.631	0.42
100.339993888	5.056	-0.24
160.108240553	7.066	0.53
109.217287547	4.352	0.86
158.63731596	4.788	0.81
109.227043871	4.319	0.22
118.047041315	6.934	0.39
165.589102574	12.793	0.67
128.380632071	10.784	1.87
100.320737359	3.639	0
100.309500032	3.63	0.19
108.573631859	5.628	0.5
168.611502353	13.94	1.53
110.367482279	5.815	-0.27
90.5382288474	3.667	0.49
80.7440014977	8.087	-0.11
158.738329517	8.463	0.88
156.935517919	5.266	0.49
97.0625346292	3.256	-0.12
104.766863161	5.251	1.15
103.201646397	5.371	-0.42
110.622788171	6.26	0.92
100.293846465	3.681	0.98
117.12468483	7.345	-0.42
100.20765807	3.649	-0.41
147.201490665	7.534	0.51
166.044865856	4.805	1.31
100.537452316	5.047	-0.15
100.54670403	4.927	-0.36
151.938323435	7.949	1.2
156.856971564	5.142	1.56
156.88158942	5.181	0.61
156.996260531	9.281	0.76
156.882333422	9.225	2.41
156.821527839	5.052	1.13
156.901388373	5.179	0.65
53.2111958027	3.508	1.4
149.394741984	5.187	0.25
99.82956836	3.319	0.24
99.8612758574	3.212	-0.55
117.567376866	8.474	0.38
102.989978343	5.644	0.52
103.000129583	5.618	0.15
103.761045068	4.449	-0.01
155.854100868	4.017	0.59
136.214567353	12.456	1.1
156.498806167	6.388	2.07
152.373269253	8.155	1.3
167.555056001	13.304	1.11
151.927235955	8.06	1.15
100.418606335	4.77	0.08
96.4296788484	4.801	0.46
96.4417780449	4.816	0.48
96.4232546421	4.757	0.81
156.675137273	6.086	1.04
155.518587988	4.7	0.28
156.648651453	10.442	1.67
156.654812814	6.147	0.88
156.506770582	6.206	1.14
156.536720285	6.192	1.16
156.682781228	6.173	1.01
155.537889087	4.658	0.12
100.448188416	4.683	1.04
156.588759078	6.018	2
156.685339679	10.39	1.54
156.718013324	5.979	1.16
169.850295091	11.131	2
155.430247189	5.232	0.11
101.699288195	3.509	-0.51
102.090525692	3.686	0.74
152.039495107	7.849	1.7
154.782727112	4.264	0.66
151.970722383	7.493	0.76
152.016471835	7.794	0.91
110.595855118	4.243	0.28
163.564939235	13.901	1.33
82.3714019257	6.091	0.01
160.750598946	9.501	0.32
100.308563782	4.785	0.43
99.3599428182	3.009	-0.28
168.754526022	14.507	0.48
103.113776786	3.479	-0.02
166.324168173	4.711	0.94
101.586889845	4.991	-0.05
152.081591073	7.833	1.39
103.110547499	3.484	-0.24
103.096421063	3.484	-0.4
151.953875576	7.866	2.91
170.427321146	8.211	1.22
129.553327258	11.135	0.52
163.696084933	4.258	1.2
101.625507594	4.42	-0.33
164.758019988	3.987	1.38
125.086278559	10.313	0.65
125.089624435	10.328	1.43
151.882759933	7.921	1.49
102.971711969	5.847	-0.05
165.432659609	11.356	1.14
151.939881943	7.968	2.04
137.068219714	13.543	1.29
159.464018352	9.663	0.76
148.966789346	11.611	1.07
108.135568393	4.014	-0.03
167.478666801	8.911	1
143.365366401	9.783	0.57
147.221877177	13.102	0.53
118.88433935	8.177	0.45
102.311796085	4.601	-0.88
110.366173505	6.714	0.53
81.8268501083	6.638	-0.1
147.586319566	12.672	0.31
151.855555476	8.268	0.18
81.0986573287	8.36	0.5
151.909904948	7.976	2.03
98.3349873072	4.054	-0.21
146.966842597	12.828	0.32
147.209079209	13.04	1.03
96.8977396432	2.727	-0.35
162.311767296	12.437	1.1
125.263764984	9.728	0.49
41.2565683917	0.598	1.13
156.649321196	4.989	0.75
156.605682881	4.247	1.48
151.87875118	8.197	0.79
97.9847203681	3.012	-0.34
146.520179221	11.556	0.96
146.451125019	11.409	1.3
99.4812926728	0.468	-0.06
160.140143112	8.191	0.85
99.4058501421	2.754	0.26
157.654147661	10.015	1.35
86.3951975508	5.382	1.13
163.420613338	7.525	3.01
166.349069557	9.053	1.64
101.16683163	2.983	0.89
121.584091025	8.327	0.16
103.083289502	5.879	1.25
103.024825516	5.862	2.23
104.11823166	2.291	-0.26
104.224311187	1.176	0.53
159.631677312	9.318	1.25
105.185771227	3.647	0.7
136.073385541	14.335	0.88
136.071051352	15.191	0.26
135.659838803	13.791	1.3
135.68213292	13.797	1.93
135.707990553	13.781	1.64
135.696118386	13.842	0.23
102.758166421	5.342	0.33
166.604216275	11.887	1.52
135.757931302	13.789	1.53
103.07046216	0.918	1.74
105.569824484	5.752	0.01
108.558754585	4.944	0.76
97.6887986208	1.423	0.05
83.2134288206	5.433	-0.16
106.449530668	1.989	0.56
106.431305541	1.976	1.29
106.467993192	1.994	-0.56
157.283966647	5.179	0.93
96.4492518014	8.307	-0.54
106.47677039	2.035	1.7
40.2893271933	15.801	1.1
111.263720834	5.815	0.93
162.651036298	3.263	1.21
103.067438991	3.268	0.34
135.356622917	13.822	0.27
106.029239605	6.198	-0.73
161.032227307	8.832	0.43
23.9544856891	16.361	1.61
164.672225814	9.183	0.78
155.618365382	14.432	0.74
155.328094076	12.663	0.38
155.614238263	14.428	1.12
157.654715846	5.792	-0.09
40.1638643734	15.876	1.12
110.913863027	9.574	-0.07
110.912286125	9.563	0.37
157.792603669	6.017	-0.04
158.772618045	10.692	0.7
106.519707712	2.116	0.75
106.415459814	2.042	2.2
106.415039869	2.021	1.62
120.801749948	8.015	-0.3
175.211717618	17.912	3.24
106.52888987	2.134	0.18
157.296580261	8.899	1.33
40.1977216959	15.849	2.02
149.589683745	9.432	0.86
149.681288867	8.446	1
106.445456509	1.954	0
106.431807392	1.901	0.1
106.504242271	1.768	-0.27
43.2442834357	3.175	0.53
101.732872409	4.777	0.33
117.850397361	9.056	0.2
117.846311362	9.052	1.2
145.615568737	11.212	0.98
157.10368942	4.403	1.22
106.594917832	2.193	0.16
145.416970797	9.164	0.06
92.3179848615	3.733	-0.63
80.5767971266	5.918	0.33
151.937076624	8.227	1.09
151.838158819	8.544	1.26
157.067142124	4.435	2.44
157.08253113	4.516	0.85
157.255487932	4.338	0.98
117.210705165	7.653	1.29
161.103060673	8.472	0.3
161.107646628	8.472	0.31
156.601701114	4.037	0.92
93.8974409506	2.822	1.09
136.96520236	13.057	1.51
136.991969684	13.036	0.41
161.357939013	9.186	1.3
100.066207083	3.901	-0.06
100.077972293	3.936	1
100.127898119	3.688	0.02
168.775867301	16.382	2.4
157.103576985	4.365	0.87
157.055944919	4.395	1.1
157.145198146	8.785	1.08
167.788704488	13.584	0.46
147.824340071	7.457	0.17
147.884057555	7.507	0.76
161.375445746	7.699	1.29
166.82930972	10.24	0.47
161.152860424	10.613	1.37
106.614879304	2.277	0.93
170.079226435	15.1	2.25
147.813952616	8.939	0.87
147.829542958	8.98	1.03
147.857790999	9.038	1.93
147.847266898	9.001	0.47
167.79347285	13.561	2.6
172.042693491	15.889	1.28
147.832665781	8.965	1.14
147.780778459	8.886	0.82
161.702853926	10.014	1.08
147.846978318	8.949	1.42
136.308977626	14.411	0.55
147.906619966	11.024	0.37
64.4010510852	44.454	2.46
157.137192043	4.411	0.64
98.9097239844	3.667	0.71
150.756537262	7.63	1.36
147.863865813	8.969	1.79
147.831703972	8.936	0.17
107.09448517	4.476	1.37
148.257580494	7.121	1.43
128.17846045	14.404	2.13
106.2692235	8.979	0.01
116.751219772	8.591	1.03
103.80921217	4.448	0.55
106.871893362	3.353	-0.2
105.108716806	4.415	0.26
105.11199143	4.451	0.05
105.328958049	6.505	0.92
105.353815282	6.457	0.63
105.329664365	6.606	0.71
105.306483062	6.634	0.21
40.9976630892	12.027	1.14
109.207733325	5.102	0.17
137.304107718	14.583	1.97
143.580466952	15.505	1.9
165.83952422	18.437	1.88
167.819909703	6.081	1.7
40.4056412224	9.127	0.66
94.6552718972	7.902	0.03
94.545924296	6.322	1.58
134.477239176	14.706	0.94
149.40052141	17.313	1.01
101.614902359	6.172	1.04
109.684617163	4.073	0.01
157.473737427	20.88	1.71
68.2528266569	7.035	0.27
144.778549564	17.369	0.88
104.293341322	8.196	0.71
104.31178278	8.134	1.63
104.226773298	7.559	-0.01
145.779766094	3.794	0.96
145.054893051	16.54	0.61
145.788261808	3.833	0.93
35.3525997833	13.476	1.27
36.5643487489	10.779	1.73
38.1281262802	1.026	1.51
132.698303242	17.095	0.7
97.6324735429	8.176	-0.09
145.107995305	33.728	1.03
43.8176777649	3.171	0.51
43.4076605322	6.231	1.15
119.173164418	10.022	0.78
141.448048797	15.315	1.38
141.448048797	15.338	1.38
98.3082569598	8.365	0.46
43.4345461332	6.222	1.18
141.428764364	15.284	0.39
147.293283809	18.553	0.89
90.5803690613	5.565	0.49
141.223553357	16.815	0.44
104.303834197	7.178	-0.19
104.309509282	7.194	0.37
103.95197724	6.216	-0.3
104.328641661	7.225	0.59
104.329363233	7.195	0.77
104.34483876	7.256	1.9
104.330121486	7.239	1.67
104.413331501	7.397	0.16
104.106433124	6.658	-0.23
103.950510495	6.26	0.02
103.993068243	6.204	-0.2
104.065259541	7.402	0.11
104.387587332	7.146	-0.08
103.836443792	5.643	0.22
104.175304867	7.283	0.31
16.6607628994	17.086	1.26
103.818633426	5.762	0.68
38.2608704983	13.11	0.63
97.4731364201	3.221	-0.02
104.072921703	5.939	-0.39
22.6557107792	17.667	1.37
103.807068102	5.369	0.04
135.301014848	15.388	1.27
43.2902537256	2.696	0.61
106.734057156	5.046	0.83
103.164702529	5.655	0.09
78.766549081	0.416	-0.25
90.3456501202	5.117	0.02
98.6436885607	3.105	-0.28
133.254620511	16.079	1.28
103.094851398	5.529	-0.01
103.034665511	4.627	-0.42
107.494867726	7.46	0.16
104.543042436	6.836	0.57
32.9126656412	13.876	0.69
48.2726680016	2.648	0.53
140.074942241	14.006	1.85
112.966320193	8.86	0.47
112.979872861	8.554	0.92
103.854925113	5.223	-0.65
144.362174204	16.522	1.68
114.806976063	12.738	1.39
114.828146045	12.708	1.07
114.757435112	12.81	1.21
114.741307189	12.829	2.95
114.796322392	12.685	0.96
164.001331559	3.216	2.21
52.1427960176	13.87	0.86
52.1250789767	13.875	0.93
161.651988524	14.786	2.18
117.294494771	9.907	0.34
123.450567995	10.065	0.17
114.789176638	12.714	0.9
114.7853518	12.647	0.56
117.293481504	9.904	1.54
152.055203589	12.545	2.02
114.46478743	12.331	1.57
157.631315816	15.194	2.32
111.261387773	8.424	0.51
98.9412009258	0.661	0.67
110.023684249	4.245	0.3
119.122580029	14.111	0.89
110.020434952	4.175	0.04
101.822142693	4.118	0
101.806852914	3.531	0.01
97.5654697216	4.77	0.49
156.039076671	14.821	2.29
106.395461405	4.872	0.92
106.410815255	4.924	0.08
106.42164091	4.919	0.8
106.391410866	4.81	0.42
106.408929141	4.81	0.38
106.397960774	4.789	0.47
106.370708397	4.725	0.88
106.481017449	5.09	0.64
106.453693626	4.957	1.97
106.528832821	5.144	0.55
106.7184245	4.675	0.38
106.95655605	6.565	0.63
115.765750145	13.858	0.24
106.49252589	5.001	0.83
106.534635959	5.127	0.25
104.50244929	4.794	-0.06
153.129665731	11.388	1.56
104.834721603	5.785	0.38
40.8687069924	3.594	0.57
104.890352823	5.991	1.17
142.322924369	17.139	1.38
104.867770545	5.952	0.88
105.551645769	6.945	0.07
143.949164253	15.453	2.92
83.4437842525	2.481	-0.2
83.4327619016	2.465	0.44
150.060242349	13.782	1.33
105.48350883	7.715	0.58
77.8411538402	6.413	-0.14
106.308562707	5.222	-0.49
103.048751081	6.165	0.12
133.460368757	16.114	2.08
58.9387789081	7.816	0.8
102.630792647	5.863	0.59
102.611615387	5.855	0.38
102.863793993	7.484	1.17
142.661589881	15.716	1.64
105.235094137	4.254	-0.45
102.567519276	6.496	2.12
102.584184892	5.792	0.56
22.0448305844	13.772	2.26
100.422276911	3.919	1.2
78.9494633229	3.503	-0.01
166.482806673	16.324	1.56
111.505180731	10.287	0.66
107.539683631	4.754	0.72
100.651980508	3.727	-0.09
97.4571216393	2.67	-0.21
111.978215289	6.174	-0.16
102.926835821	3.145	0.74
39.0313449553	18.3	0.97
114.010906054	10.377	0.28
114.023712704	10.382	1.04
113.353077352	11.122	1.21
113.361877286	11.152	0.82
113.345891576	11.097	1.21
114.054881842	10.37	0.61
113.369244811	11.098	0.58
113.369244811	11.093	0.42
138.525635419	16.21	1.01
126.567443615	14.375	0.89
84.1828636931	5.497	0.15
107.585474556	3.748	0.75
100.891142118	4.22	-0.57
126.54420892	14.339	1.61
126.481326696	14.34	1.08
126.503697487	13.192	0.6
148.185217429	15.235	0.88
140.731550812	16.937	1.87
92.1632717426	2.328	-0.39
144.975577388	18.213	0.74
139.507624667	16.144	1.25
101.550713492	4.022	-0.77
75.7483036543	6.958	0.01
22.0440202351	13.794	1.23
22.1003293238	12.583	1.43
22.0243182844	13.643	1.33
109.244807787	6.876	0.44
102.969928196	3.62	0.62
160.08410549	4.014	0.54
152.415193815	17.074	1.14
143.920820754	16.316	2.44
135.732229944	15.747	1.23
135.313705645	14.845	0.61
159.110781667	16.08	1.43
81.4379614227	6.883	-0.18
120.401909859	10.457	1.1
135.920660871	15.689	1.68
106.788398435	3.226	0.83
72.6821024984	2.057	-0.02
100.484916824	3.25	0.65
142.09120611	19.419	0.83
142.057485929	15.601	0.58
143.994197142	14.85	1.68
142.099137371	16.701	1.49
156.988618723	14.575	2.19
142.179778673	17.979	2.27
142.092566001	16.415	1.04
107.461204029	5.84	0.3
135.943277464	15.56	0.48
79.6433871138	2.794	-0.12
103.4427129	5.058	-0.18
103.60092862	6.636	1.58
103.403701723	4.989	-0.29
103.412572218	5.075	0.7
103.462213931	5.611	1.67
103.428110942	5.573	-0.45
103.392291926	4.849	-0.39
91.0175232798	5.186	-0.22
110.419753931	2.33	0.82
119.526775442	9.383	0.32
103.312723649	4.697	0.95
103.477818502	6.257	0.98
103.337233083	4.767	0.04
103.318267635	4.672	-0.12
103.353352997	4.603	-0.35
103.309040772	4.29	-0.45
103.315033042	4.81	1.18
103.448969983	6.245	0.95
103.308023828	4.696	0.04
103.291101553	4.653	0.33
103.294071754	4.659	-0.16
164.580363692	13.187	1.17
103.398885014	5.605	-0.47
101.774220213	3.113	-0.03
103.357056374	4.842	0.02
101.617031046	4.664	0.19
101.601452044	4.661	0.38
101.606429537	4.661	0.24
91.6170890574	2.879	-0.38
81.6037316298	0.157	-0.19
35.4068125607	17.746	1.9
128.919860584	12.55	0.22
150.116020199	17.365	1.05
108.485101812	7.871	0.94
102.85754547	7.396	1.03
136.44943618	16.08	0.81
156.345566151	7.13	1.94
136.732342921	19.57	1.2
102.720067886	4.774	0.69
151.548487627	9.042	1.39
150.211021001	12.781	1.09
136.001326982	15.422	1.42
145.592969326	18.497	1.39
155.952235744	10.268	1.42
101.616545306	4.69	0.73
135.805234556	15.472	0.85
127.963277493	14.983	0.49
100.409985594	3.702	0.58
100.391424945	3.813	0.45
154.791022461	5.461	0.91
120.731476042	8.957	0.39
153.052618813	14.232	1.35
140.911582586	11.627	0.48
114.2480543	8.655	0.06
107.149536827	4.412	1.22
148.488945102	13.958	2.18
99.4008969918	3.28	1.04
22.264186523	11.285	1.52
156.333904242	14.026	1.86
156.686820614	14.194	1.17
96.6414889408	5.294	0.39
160.018624703	3.568	1.88
71.7369848748	7.493	-0.11
153.819030936	2.357	1.64
144.195887261	17.955	1.22
143.765723517	14.98	2.12
143.923449524	16.506	2.18
144.09441012	16.789	1.94
144.034683972	16.549	1.67
143.834548336	17.42	1.82
143.877041251	15.77	1.54
144.3893447	0.495	1.25
143.938805716	16.377	1.28
144.073094842	15.027	1.38
143.905530769	15.007	1.53
144.119795209	17.062	1.19
143.929715206	16.593	0.99
143.453861585	16.052	1.08
144.261246688	16.631	1.23
144.790982294	13.014	1.63
144.183547548	12.388	0.98
143.521326089	16.411	1.65
147.109072573	4.634	0.62
135.971614605	15.46	1.72
143.605476507	15.876	1.38
141.350039768	16.649	0.87
76.1532057226	0.078	1
139.764929167	17.06	2.44
109.0536041	6.156	0.26
145.622164956	11.765	1.72
154.349277059	4.009	1.71
150.099032974	15.174	1.56
104.879583384	6.327	1.02
105.478787101	5.616	0.16
105.496186607	5.647	0.83
105.469592093	5.622	1.01
111.660750635	5.75	0.12
103.264056371	4.325	-0.32
106.337970357	6.003	-0.2
100.150167999	7.657	0.02
144.020191234	16.575	0.81
106.590190015	2.72	0.1
75.3477331971	3.148	0.76
103.350298567	7.01	0.16
103.373001374	5.293	1.1
103.382586071	5.262	0.8
102.613982148	8.621	0.18
102.42343586	8.148	-0.05
72.4794257367	6.778	-0.17
72.4907853288	6.747	-0.29
72.646542933	6.362	-0.1
72.5138122525	6.618	-0.41
102.216075529	6.941	1.36
102.076990456	5.112	0.81
102.116832407	5.933	0.34
97.9973344681	8.163	0.86
153.036302562	6.859	1.23
151.002012695	17.374	1.2
152.635389767	19.049	1.22
154.948843302	4.544	1.38
159.190687153	20.887	2.22
102.133155712	6.918	1.19
100.644308719	7.56	1.9
38.1947491526	14.653	1.29
101.120409139	5.874	0.77
18.8830554191	15.179	1.6
134.068544975	14.486	1.67
129.683045585	15.087	1.41
101.0618329	5.818	0.7
100.989759652	6.066	0.22
100.998384092	6.24	1.95
101.001338315	6.202	0.7
101.13109952	5.718	0.69
101.038903518	5.633	0.28
101.155836088	7.491	0.98
101.065288469	6.147	0.48
103.437144903	1.07	1.26
130.737550864	14.191	0.98
98.9956006512	3.929	0.24
103.402908151	1.166	1.23
100.651176267	4.27	0.54
100.690914996	3.58	-0.3
104.407924379	3.856	0.36
103.431861181	1.107	1.15
130.212708408	14.863	2.6
107.136653019	2.203	1.5
70.6644914109	5.152	0.25
103.418796364	1.192	1.06
99.673696158	3.521	0.14
99.6805178625	3.447	1.55
99.8167505706	3.663	0.28
101.691239996	4.475	0.18
99.7047421106	3.324	0.3
139.049139832	16.862	2.13
174.274013198	23.21	2.9
169.02337752	3.913	2.17
172.261902932	2.523	3.6
169.351149843	2.404	2.5
171.119340866	5.243	2.74
173.545111151	21.902	2.56
170.625107854	4.666	2.62
171.192561313	6.641	2.41
169.502892246	5.257	1.74
171.372506292	19.052	1.65
172.149263378	5.041	3.43
170.409059385	2.187	2.64
172.910679432	3.399	2.46
169.06619705	4.997	2.4
170.674234066	7.287	3.63
172.832413635	3.447	2.44
109.072251007	7.982	0.66
172.143671438	8.169	1.9
169.966848784	10.942	2.41
170.724103684	9.611	1.18
173.803681082	22.779	2.19
169.94977685	1.978	2.1
169.845922562	3.256	2.46
175.933626373	24.141	2.69
171.099880167	6.701	1.89
175.495029369	23.71	2.31
156.544511812	3.743	1.93
171.463837952	4.35	2.1
169.429531629	5.262	1.57
134.7539563	15.7	0.94
110.773929618	6.332	0.78
111.358763014	7.498	0.45
170.804088157	11.001	2.44
172.666854382	20.839	1.74
175.029045013	4.134	3
170.214612084	6.194	2.33
107.597896114	5.057	0.71
170.800849422	14.066	2.68
22.6317799421	10.143	1.57
101.078094186	5.616	0.59
102.547942947	3.657	0.88
106.66493897	6.778	0.85
106.543751538	6.488	0.48
106.574000078	7.146	0.04
109.092260137	8.01	0.78
78.4306273781	3.336	-0.05
106.539067208	7.197	0.01
99.2023501049	3.085	0.26
103.887637983	4.789	0.77
103.584200404	4.688	0.95
103.906643555	4.825	0.2
106.235586407	5.347	-0.23
103.906448823	4.808	0.01
106.202501336	5.291	1.27
109.075326007	7.923	0.27
172.289134238	8.761	3.76
111.314997993	7.139	0.24
109.097443313	7.98	0.46
175.269062741	23.895	2.57
177.065602075	24.612	2.96
134.908093276	15.269	0.7
135.263561324	16.553	0.63
108.040471797	8.677	1.55
169.95801529	0.988	3.87
108.038894611	8.648	1.49
103.392200385	0.992	0.8
104.477879585	2.958	1.01
109.099515178	8.008	1.09
153.596420867	13.101	1.45
100.526788845	4.078	0.17
125.065624112	12.393	0.42
81.2254084959	4.08	-0.05
116.731035317	11.162	0
155.83271173	6.867	0.88
157.038875401	16.865	2.88
71.284808785	3.842	-0.12
124.978674147	12.211	2.59
102.692661519	3.661	-0.38
134.824921603	14.719	1.54
125.436520396	15.405	-0.24
118.634524419	12.318	1.59
100.229420471	4.297	0.57
141.690198771	15.297	0.81
88.4968156858	9.84	0.55
140.37004354	24.922	0.99
85.6947433729	8.535	0.46
85.7748410624	4.933	0.48
171.898846496	4.788	1.98
61.1296607812	7.548	1.23
171.815101062	19.915	1.45
135.607352798	15.327	2.51
135.573561547	15.351	0.68
81.0476036645	2.886	0.03
171.474605162	8.199	2.95
126.978766308	13.924	0.82
123.835018505	13.25	0.15
127.974481354	13.372	0.47
152.341953848	17.535	1.83
163.007966899	12.863	1.5
163.014540204	12.858	1.68
152.054940402	17.165	1.2
151.755411995	15.898	0.79
135.584661677	15.373	0.62
103.329446374	4.15	-0.34
152.696080445	18.045	2.15
152.223363961	16.986	1.91
105.415029871	4.535	-0.41
105.418069922	4.545	0.11
104.555542604	5.424	1
103.278051607	4.728	0.36
103.270751228	4.719	1.02
105.49478917	4.883	-0.33
154.559492124	4.182	0.41
96.4158627734	4.592	0.07
96.4055422223	4.548	-0.26
135.915115755	15.727	0.83
62.0356151871	2.885	1.01
110.90283147	6.627	0.17
144.21996287	16.278	1.22
144.179163198	16.012	1.16
73.6466860882	5.315	-0.17
44.0502826643	14.021	0.47
38.6207572876	11.618	1.14
108.044563019	8.574	0.28
80.4365726269	36.813	1.09
108.032325798	8.576	2.01
154.454414452	18.084	0.96
101.108894757	5.757	-0.28
101.109274225	5.774	-0.15
102.515438971	6.074	0.33
63.5330371066	1.04	0.34
172.543505354	11.11	2.44
154.732919343	17.116	1.14
154.740059478	17.107	1.44
135.572347949	15.799	0.49
103.296114378	5.507	0.88
100.230243572	5.258	-0.11
100.324837107	4.726	0.62
61.347471063	31.895	1.07
102.171471712	3.904	0.32
103.276701692	5.981	-0.12
103.254342685	5.418	0.44
103.241939196	5.235	-0.6
103.26882549	5.413	0.64
103.266249808	5.29	0.45
103.433390621	6.845	-0.11
144.093708031	15.593	1.87
101.17428471	3.659	0.36
99.5480681093	4.363	1.74
144.92296175	16.482	1.69
146.105355378	18.449	0.59
-26.4526370246	6.165	1.61
100.949161599	4.143	-0.38
138.928717284	20.008	0.36
108.872616804	3.52	0.26
173.655737241	22.265	1.93
104.807281117	2.5	0.22
126.787449909	12.491	1.55
100.174119876	3.407	0.37
142.539725405	19.187	1.11
-26.3913291011	5.822	1.82
104.788111054	3.496	-0.14
100.499900309	3.41	-0.3
137.81211935	15.719	1.32
144.190262427	14.816	0.83
104.510096465	7.864	0.08
104.24617533	6.26	-0.58
65.7047598657	5.258	-0.55
109.331954658	4.631	0.35
118.335679291	11.537	0.71
112.253595322	6.834	0.13
110.987382367	6.834	0.37
105.525931427	4.269	-0.08
108.605666236	3.558	-0.11
154.656922628	2.841	1.27
151.620878011	11.712	1.27
77.3072810062	4.068	0.68
174.331186986	22.561	1.98
154.432826987	16.153	2.31
96.6221478841	4.21	0.32
152.926485548	4.392	0.75
23.2334415233	17.648	1.31
77.2435210429	4.369	0.99
154.210035181	2.674	0.49
38.5444544643	14.627	1.48
113.856097046	12.15	0.91
153.06232084	15.173	1.89
172.658387897	11.429	4
158.425862465	19.45	1.3
73.4108198818	4.194	-0.16
152.737370362	13.96	1.92
98.921770161	3.835	0.33
98.878118933	3.979	-0.06
126.807775848	14.579	0.68
98.9207083051	3.863	0.47
116.841617312	8.586	0.13
149.865801998	19.112	0.96
144.773658229	16.076	1.97
143.982638126	16.218	1.57
141.265582751	19.474	1.07
99.7853598479	4.088	-0.6
22.0305287354	10.867	1.88
103.270170018	3.422	-0.41
100.649444161	4.057	-0.28
31.3876311175	16.94	1.3
102.048640333	6.171	0.32
102.034124592	6.469	-0.52
102.049555635	6.147	0.08
102.026531236	6.651	1.06
143.143898813	29.376	0.52
153.212543119	19.867	1.17
144.006707127	16.369	1.42
163.101228091	16.533	1.55
121.995074602	12.626	0.74
99.3951418003	3.368	0.3
100.66222213	3.399	1.12
151.634314046	12.322	0.83
101.61260906	8.54	1.03
103.147841416	6.506	0.47
100.255190781	7.711	-0.06
154.223099185	5.575	2.35
57.8637904134	8.739	0.51
157.252714014	0.679	0.84
106.038798459	3.655	0.51
88.2793055689	1.787	0.64
97.5945105545	8.625	0.11
101.598753406	8.726	1.24
155.946182361	4.755	0.97
102.729909952	4.475	1.02
94.5666867864	5.583	-0.14
99.8781860378	6.789	0.06
116.82471933	11.275	0.46
33.4140128437	16.558	1.38
111.013021214	8.788	0.66
150.096259215	13.972	1.64
98.149058551	9.824	-0.14
102.712367815	4.56	0.05
119.159225776	8.605	0.89
61.3511177256	7.36	0.61
105.80004465	6.951	0.16
110.483783317	9.329	0.2
98.0506420672	9.132	0.04
104.439244246	8.799	0.17
143.722729617	16.658	1.66
124.385452652	12.013	0.62
44.2017050067	13.066	1.19
44.2057680168	13.068	1.07
98.1811795454	7.719	0.03
97.4089299029	8.155	-0.03
118.82135884	10.685	0.46
102.214849097	7.985	-0.38
55.6814737973	11.215	-0.38
144.7134755	15.076	1.62
125.603312835	13.938	-0.09
23.5952753911	15.863	0.66
118.805295308	10.68	1.34
118.796453059	10.646	1.05
118.776164364	10.549	1
120.783541306	11.77	1.51
157.76997593	8.19	1.06
158.185247299	15.927	1.12
147.488445079	13.399	0.67
148.581797738	17.623	0.97
98.0524443713	6.035	-0.01
103.178651172	3.619	-0.22
98.0445265142	9.138	-0.15
99.8729435661	3.249	0.36
111.838997041	8.42	-0.18
106.554937787	4.769	0.84
89.5104532209	3.865	0.99
46.576967926	3.952	0.24
153.019501848	2.483	0.89
100.305066214	4.088	0.14
79.8749512749	4.405	0.15
102.141917163	3.99	-0.33
154.122638089	14.299	0.87
111.443167936	8.711	-0.2
173.183820822	24.239	1.71
111.480091169	8.763	1.6
105.068956143	3.13	-0.14
71.7946239059	2.053	0.39
156.781934124	21.169	3.2
105.608389547	11.523	-0.25
105.230084175	4.616	-0.45
31.658959406	17.24	2.59
31.626436146	17.164	0.94
38.26770334	8.714	0.68
146.404400946	15.766	0.58
153.230102406	19.828	0.38
173.883866315	24.311	1.58
23.3995494257	17.562	1.07
152.475825292	4.273	0.61
108.831894726	5.7	-0.18
99.3944528324	4.988	1.53
93.2275819185	4.619	-0.02
116.989136311	9.854	-0.3
118.701810271	11.076	-0.4
119.283844584	10.239	-0.06
151.568060242	16.768	1.13
97.2558112449	3.834	2.37
31.612634142	17.166	1.6
127.671705748	12.729	0.36
133.42101481	10.58	0.64
148.649950653	17.613	0.73
116.446538722	8.812	1.8
132.61835634	14.973	1.27
97.4100728678	5.194	1.24
36.7421627278	10.679	1.21
134.930253328	13.611	0.92
102.266078016	1.347	0.82
103.399668638	1.164	0.9
153.560061371	15.422	3.96
153.05860603	17.914	1.44
152.758557121	4.569	1.04
152.55570405	13.412	1.5
154.019926301	9.362	1.03
152.934521724	14.183	1.14
153.084081006	15.725	0.9
153.018066148	12.601	1.25
103.404881405	1.266	0.73
150.645235374	16.028	2.2
150.481770253	11.892	1.31
153.557472519	16.091	2.22
153.831259807	17.179	0.9
157.332799708	16.064	0.93
120.557095769	10.551	0.57
115.163554422	10.879	0.63
152.245506031	14.23	0.88
153.210358377	14.674	0.8
153.263387913	15.757	0.67
135.195950679	14.903	1.07
19.3165473786	15.945	1.89
118.78112057	10.681	1.15
89.479752339	3.859	0.14
106.804759207	2.808	-0.56
23.037993603	17.418	0.83
98.4691765079	3.02	0.85
44.8757915194	14.919	1.38
112.611031567	8.182	1.04
110.615669675	7.635	-0.19
92.0217263163	3.126	0.37
145.571770732	16.817	0.41
110.088011669	8.995	0.44
111.159231536	7.27	-0.49
103.088740716	4.493	-0.02
110.316855818	8.58	0.28
118.106840999	11.174	0.05
118.105573442	11.17	0.77
118.101862164	11.151	0.75
118.105272768	11.164	1.18
118.123661031	11.182	0.58
118.100419206	11.147	0.5
75.4123752434	4.371	0.62
75.132846577	4.025	0.37
135.727117083	15.322	1.57
103.529756081	3.549	0.76
153.44056191	3.869	1.05
156.981452568	19.008	1.06
156.983952634	19.225	1.04
137.407817507	17.103	0.7
115.537377895	6.636	0.11
103.056460426	5.103	-0.33
103.084890504	5.075	0.54
98.8113195519	3.647	-0.24
40.0107162494	5.518	0.79
103.060248377	5.041	-0.47
37.1911554927	8.58	1.23
110.896019624	7.838	0.37
90.4877445323	5.753	0.83
90.4190437871	5.727	-0.24
90.4939546331	5.784	0.58
90.3733991423	5.809	-0.1
90.4789890909	5.526	-0.33
90.2970019546	5.621	-0.43
90.4717472698	5.684	0.25
85.1951809797	2.565	0.53
109.273478883	2.979	0.26
100.031580094	4.064	-0.19
140.329434239	16.045	1.02
98.8412162179	3.887	1.19
153.276060937	14.271	1.59
99.8406670923	2.971	0.32
146.622929048	17.03	0.72
108.743036006	6.837	0.53
122.799962629	11.171	0.28
43.2948716486	14.463	0.79
101.45284263	3.558	-0.27
101.458683047	3.366	0.49
91.5325807428	4.344	0.57
97.2174842416	3.766	0.51
102.126514005	1.379	0.55
108.960847264	3.047	0.57
41.5388504056	7.172	0.75
138.850325016	15.863	1.05
85.2043004445	2.575	0.94
110.869782321	6.806	-0.49
109.284999484	5.036	-0.22
110.293274849	6.266	0.34
110.26555636	6.19	0.56
111.208195341	7.204	0.28
110.866594898	6.819	-0.59
111.211276541	7.111	-0.55
133.807787832	14.445	0.95
133.8354909	14.483	0.6
133.749882605	14.418	0.99
133.961445626	18.206	0.95
100.956335868	4.142	-0.58
133.716668085	14.417	1.06
159.910354389	15.534	1.25
74.0088116896	1.654	1.24
150.380791642	16.136	0.49
143.815743509	15.353	2.11
99.8406045335	3.309	-0.4
70.3610515501	3.964	0.16
88.3338919552	5.716	-0.53
88.4212032054	6.169	-0.01
88.4020292632	6.113	0.56
88.4049490187	6.118	1.35
88.4040057935	6.117	0.04
88.4055640564	6.104	0.92
88.3685457313	2.893	-0.17
97.0737694032	4.061	0.84
102.581884222	3.013	1.07
111.835117664	12.739	0.61
17.967788553	16.755	1.11
99.9584544486	3.197	0.5
97.0941782528	4.099	0.4
97.1037820659	4.041	-0.02
97.1082943486	4.052	0.71
107.073995951	4.438	-0.17
97.1152217122	4.113	0.61
97.1177774939	4.098	0.43
99.8724613558	4.177	-0.57
101.06621951	3.581	0.42
103.417990343	2.619	0.52
90.6120696788	4.69	0.17
100.454029825	3.891	1.16
107.544361258	4.429	0.17
78.3106480168	3.352	0.34
78.3091081966	3.328	1.09
91.6033860168	3.473	1.62
48.5979042123	3.482	1.07
101.094303808	3.623	-0.25
78.3252103849	3.393	0.68
38.7197458614	9.38	0.74
159.935430644	15.692	2.42
32.6774307182	17.446	1.79
38.9767291244	9.127	0.33
110.912458409	7.649	-0.28
91.3761732168	3.577	0.06
102.712448654	2.886	0.09
102.704310385	2.722	0.16
102.679000635	2.683	0.53
102.713620182	2.917	0.28
92.8628740655	3.435	-0.46
152.715542831	14.009	0.63
126.857321205	13.075	0.29
87.8477603321	0.919	0.13
92.6771775355	2.996	-0.28
144.410451561	15.138	1.23
143.642214555	17.762	0.96
98.3496353442	4.217	-0.03
108.010492466	6.179	0.83
79.0117446635	1.88	-0.03
78.6271897719	1.879	0.03
163.9918823	6.738	1.64
42.5276214258	15.03	0.56
168.951108638	4.266	1.88
152.71712885	15.197	1.72
92.9494655298	4.502	0.55
119.639760985	10.737	2.05
119.645646044	10.733	-0.21
107.111641275	4.877	0.51
104.678534398	4.765	-0.26
152.874378714	14.01	0.52
102.502008466	8.246	0.75
102.492916819	8.23	1.14
30.3607535347	13.864	0.69
102.976440311	4.684	0.19
36.6348613425	10.142	1.63
151.907615546	19.824	0.36
143.716368956	0.534	0.44
97.4956327544	8.503	0.19
152.070476851	2.728	0.29
152.248961003	4.12	0.3
153.869534731	1.658	0.34
100.685748683	7.038	2.22
100.720644017	7.006	1.54
96.9413900772	8.021	0.91
95.5023171698	10.031	0.12
103.535831576	5.602	0.15
43.7003282588	5.782	0.89
106.690186382	7.855	0.76
36.6163059779	10.189	0.54
15.452878916	16.533	0.94
79.9530875722	4.064	-0.22
45.4017414976	11.323	0.71
134.359064022	14.961	0.64
36.6684535989	10.141	1.12
34.9810606822	10.727	0.96
76.6048627506	1.519	0.67
61.8245217758	32.496	0.99
84.9186350798	3.801	0.35
41.3849038921	14.806	0.84
42.0407167657	16.758	0.32
91.3893470644	3.761	0.07
98.0212625476	9.215	0.56
100.519425426	3.729	0.35
88.3923896592	5.539	-0.37
88.4156412977	5.572	0.88
88.4396499666	5.543	0.69
88.3901199807	5.601	0.72
88.3706471143	5.607	0.99
88.3304264496	5.621	0.21
88.4563949028	5.502	0.13
88.4373315561	5.495	-0.18
100.275340818	3.814	0.25
29.0234743732	15.045	1.01
107.308326338	2.911	-0.46
102.24546482	3.32	-0.29
102.248065037	3.323	-0.73
120.499772145	9.51	-0.14
108.018916899	7.54	-0.73
90.9614008988	2.95	0.71
101.679988657	4.397	-0.15
44.2151119908	14.937	1.25
44.2359538395	14.935	1.32
97.7547757536	6.484	0.31
101.193646403	7.644	-0.39
104.767409177	5.2	-0.44
107.957955304	4.301	0.32
110.384767989	7.959	-0.71
110.376139007	7.977	-0.23
110.396749669	7.921	-0.18
115.979632598	7.721	0.99
115.933196953	7.696	-0.04
155.085506078	16.679	2.09
78.2051409905	3.597	0.56
87.7385450322	5.696	0.65
88.0415406687	5.314	-0.65
87.7556125929	5.677	0.78
152.123323491	13.346	1.63
152.130641213	13.046	1.73
152.34500672	3.254	0.9
152.902719437	11.894	0.87
99.0548409068	1.285	0.3
108.196501169	9.892	-0.04
109.507063527	6.778	0.5
108.998863514	6.19	-0.28
57.2259215776	8.853	1.01
136.01516334	15.527	0.79
77.1011407716	6.488	0.44
77.1207477736	6.459	0.51
104.457099925	4.939	1.29
76.8148963202	6.79	-0.35
154.796908738	17.365	1.27
110.337783844	2.433	0.44
104.022756343	4.635	0.07
104.040263078	4.633	-0.24
153.064772348	13.857	1.02
70.5654333337	4.112	0.35
98.6955035835	3.97	-0.13
70.0372474479	4.3	1.99
107.71685266	3.323	0.19
107.650158745	6.725	0.44
108.358008816	7.861	0.08
145.620172024	16.018	2.71
103.039131408	4.224	-0.58
143.903228413	20.565	1.16
102.383796007	3.749	0.65
109.270693759	4.983	-0.15
161.932556365	14.944	1.66
123.556438092	11.181	-0.18
44.150905578	15.341	0.51
45.398424164	11.3	1.22
43.9317252031	15.915	0.34
87.6450926711	5.458	0.22
44.2868956496	15.081	0.89
116.132651618	9.941	1.87
125.488938671	11.73	-0.27
144.106899075	16.494	0.51
118.932711562	11.172	0.54
85.0960924725	4.667	-0.14
108.527770973	2.67	0.62
99.207138876	8.451	-0.25
103.238419444	4.337	0.16
100.646036671	4.152	1.49
100.640988809	4.118	0.57
105.984814227	4.08	-0.01
116.104903855	9.75	0.53
100.630057229	4.366	3.4
100.664925771	4.219	2.35
100.6366829	4.116	0.72
100.670067719	4.409	-0.32
100.697677572	4.205	-0.01
100.671333019	4.245	0.88
100.702030316	4.36	0.67
100.664025062	4.172	-0.29
100.657933647	4.045	0.49
100.661041137	4.053	0.32
100.88996996	7.636	0.32
100.888444761	7.768	1.17
100.652898262	4.182	0.73
100.662070362	4.047	0.18
143.018008226	13.82	0.51
97.4388143106	4.124	0.02
100.684388388	4.257	-0.22
100.806988325	8.956	1.05
100.678193165	4.255	0.07
100.981695619	3.758	-0.54
102.115552343	4.314	-0.27
100.670958939	4.129	0.04
76.3261326002	5.415	0.94
100.677642985	4.136	0.67
76.3210632941	5.391	0.9
76.3120498382	5.38	0.77
100.478939747	4.157	-0.35
100.679051185	4.095	0.41
100.534980345	4.085	0.17
22.6096555686	17.299	1
153.050007321	21.666	1.04
81.7146918631	2.325	-0.28
87.6608308484	5.13	0.4
87.6820198175	5.112	0.77
100.62303043	4.058	-0.12
87.6686524951	5.152	1.52
87.6668888387	5.172	0.15
116.120870072	9.94	0.9
45.2769558885	11.301	0.38
100.612537792	3.961	-0.79
100.489059374	4.046	0.64
102.785450275	3.97	-0.11
166.953152796	2.452	1.41
100.701792833	4.168	-0.01
87.4818476505	5.327	-0.51
142.371558176	17.873	1.85
100.331502384	3.697	-0.26
163.537103444	17.193	1.79
87.7029651263	5.18	-0.16
87.6629919793	5.181	0.21
20.0290984589	15.244	1.46
102.532106864	6.477	0.12
102.536259318	6.534	1.14
100.502192129	4.148	0.29
102.577368433	6.472	-0.2
154.954534645	15.965	1.95
100.48625566	4.235	0.13
100.488699826	4.263	1.07
100.512361831	4.195	-0.21
39.0768171096	10.07	0.61
100.467358943	4.196	-0.07
39.2079383058	18.291	1.49
45.0386439988	14.848	0.31
101.499349589	4.528	0.06
100.450946345	4.261	0.83
100.846177211	5.661	-0.76
100.823229354	5.586	-0.02
101.343109449	5.216	-0.8
117.504488194	7.928	0.78
117.476694512	7.801	0.25
99.964877873	5.01	-0.17
45.2732853833	11.246	0.78
117.540009309	7.855	2.85
134.122355942	15.867	0.59
110.328657628	5.947	-0.36
142.826821203	13.089	0.59
102.14651229	4.759	0.33
102.131614553	4.87	0.71
104.514593397	7.339	-0.01
152.472567426	13.215	1.78
105.553195613	5.069	0.01
100.53740876	4.17	0.42
116.179989531	9.995	1.4
36.5232039968	9.775	0.98
39.2099693128	18.193	1.01
76.3305375543	5.293	0.85
103.316699854	4.058	0.28
92.9148063162	3.881	0.12
101.814944064	4.7	1.48
101.808803446	4.698	1.67
128.234683351	14.478	0.92
101.86128883	3.341	0.28
101.856132937	3.297	0.62
116.171116046	9.885	2.59
116.120036847	9.858	1.79
116.084648726	9.856	1.77
116.033964825	10.264	-0.25
134.975479183	14.448	0.47
145.081556471	20.754	1.45
144.604810769	17.598	1.16
144.633451817	17.885	1
101.08677905	7.311	-0.22
103.10321101	4.174	-0.35
103.193345825	4.475	-0.58
33.7786445993	10.458	1.12
33.755139988	10.484	1.78
24.0158163051	15.481	1.11
23.3015423375	17.548	1.26
103.75791593	3.861	-0.37
68.7388437564	9.711	0.01
26.7230766374	16.673	1.02
103.500025027	4.172	-0.22
86.467183625	6.214	0.66
105.104512448	4.69	0.86
105.116034218	4.719	0.27
147.896663223	17.95	2.16
147.513316423	17.82	2.01
147.846073583	17.529	2.77
139.805976239	13.445	0.82
146.039123416	5.696	0.73
99.419330415	4.862	0.5
26.7487884788	16.666	1.62
102.976605933	6.901	1.65
102.977334708	6.931	1.13
99.0309093965	6.716	0.63
165.269998673	5.554	1.69
157.731037532	2.361	1.26
144.718949942	17.172	0.89
145.092812953	16.979	0.84
68.7853778709	7.507	0.75
68.8743588881	7.506	0.5
131.934419747	13.598	1.39
163.064586164	3.625	2.11
162.373491669	2.274	1.03
157.052009059	14.98	1.16
88.1148420046	6.224	0.27
143.464350859	16.142	1.37
152.004883112	0.999	1.21
107.481820373	4.01	0.28
107.237448869	4.244	0.55
143.46677422	16.73	1.15
106.849274126	3.067	0.02
88.0962487273	6.087	0.55
106.849072573	3.069	0.23
98.5031055996	7.382	0.09
158.146589899	0.54	2.28
159.971518881	15.803	3.05
98.5226807198	7.302	0.8
98.8493197881	1.031	0.5
144.54203979	17.589	3.21
144.705328679	17.746	2.09
134.769101297	14.82	1.01
134.606019077	14.56	1.2
144.622693632	17.694	1.32
70.2063722797	1.325	0.51
102.13879705	2.255	0.14
102.575680835	0.546	0.1
144.94173805	18.671	1.21
144.666617684	17.426	1.03
144.685882814	17.671	1
144.140447344	21.92	0.7
144.64426346	17.251	1.12
144.727838667	18.103	1.52
144.582151526	16.411	2.18
105.690260938	4.713	0.64
106.043816564	5.843	0.4
99.5426721685	7.185	1.24
99.5662274215	7.198	1.38
99.5918692973	6.706	0.56
99.6090894896	7.179	1.25
99.5970741838	7.211	1.42
99.6051467915	7.232	1.52
99.4889306149	7.234	0.84
99.4442334476	7.265	0.54
99.5071229351	7.292	0.12
99.519883786	7.264	0.61
111.974438419	8.854	0.86
99.5499208199	7.273	0.68
115.32765452	8.518	0.76
99.4161703518	7.116	0.96
24.8179388897	14.605	1.55
102.209980227	5.627	0.08
99.4895205292	3.581	0.67
99.5045382132	3.606	1.17
99.4065821254	7.187	1.05
99.4392462042	7.209	0.42
99.7667887997	7.116	1.45
98.9814870078	6.182	0.66
148.904220572	5.249	1.34
98.7455944262	4.651	-0.1
98.6620908177	7.069	0.69
99.9233425886	7.281	1.89
124.106402644	13.728	0.76
144.498941604	19.927	0.91
14.4456423768	18.396	0.98
14.469660886	18.407	1
98.8813561205	5.763	-0.11
154.202972261	3.93	1.1
154.349762886	4.574	1.07
108.195196988	3.603	0.25
108.220623882	3.583	-0.21
108.195825442	3.581	-0.23
155.313730388	4.647	1.2
108.300229562	4.077	-0.28
108.178567537	3.602	0.44
102.12838297	1.116	0.96
41.025087954	7.986	0.68
98.8357475589	0.774	0.36
103.221503294	5.32	1.26
99.1991705695	7.273	0.28
98.8975323029	8.025	0.16
68.7053645213	2.906	0.26
94.6134671963	9.033	0.55
94.6338444511	9.08	1.15
99.6255948517	7.245	1.78
99.6858946429	7.19	2.02
99.8532841361	7.093	1.38
99.9508862028	6.446	0.5
94.6363680945	9.113	1.27
94.640457952	9.114	0.19
98.5731026368	3.457	-0.04
99.8143369328	7.095	0.93
100.650083954	4.594	-0.01
158.197724927	24.619	1.03
106.119511777	2.991	0.59
94.6717943741	7.419	0.14
94.3905766349	9.54	-0.18
94.6538067342	6.856	0.03
94.6195770038	9.096	0.73
94.6201338622	9.086	0.63
94.6535132463	6.353	0.37
100.075239787	6.735	0.37
172.149908614	5.693	1.67
124.021223409	13.481	1.55
145.721054319	7.369	1.04
158.243500971	1.04	1.92
144.711406442	17.65	0.89
145.61868865	3.126	0.76
102.455419887	6.497	-0.27
99.7502974535	7.359	0.08
102.324369155	6.339	-0.48
102.81227467	7.714	1.19
149.310583119	17.885	1.42
102.796383953	7.624	1.17
23.827525468	17.024	0.75
91.0958840556	2.067	-0.29
81.1018151497	1.318	0.75
160.52516608	13.659	1.43
88.6223057374	3.133	0.07
101.356495107	7.726	0.74
143.676077516	16.831	2.01
91.0913950697	4.581	1.36
99.1610005707	7.35	1.19
144.074863015	18.265	0.59
101.894290224	6.758	1.44
101.662896417	3.407	0.11
101.920565252	6.923	1.64
97.6828486377	7.162	3.75
98.7891261065	6.602	0.24
98.1012803092	6.351	1.15
98.3576311945	6.375	0.49
98.5966612851	5.795	0.46
98.1139952082	6.301	1
97.5589366731	6.477	0.28
97.9108251589	8.907	0.07
97.9700908083	6.036	0.43
97.0848519187	6.284	0.41
143.680106293	17.056	1.08
97.0330034369	6.106	0.77
69.4897397725	8.871	-0.18
98.2016813885	6.363	1.19
100.210842797	7.043	0.99
162.877833348	17.153	2.41
69.1190439103	8.227	-0.4
160.6304066	20.119	1.41
144.507523466	17.633	0.55
38.5797325908	8.826	1.52
98.2799580637	6.228	0.22
97.1946051465	4.339	0.3
144.507943719	17.669	1.66
99.0440297645	6.501	0.44
96.8625837798	10.467	-0.41
157.664791123	16.696	1.01
97.2028335168	4.279	0.61
72.0966134521	3.597	1
100.668133828	4.547	0.33
83.4803066499	0.825	0.28
103.640802544	8.206	0.41
98.3842301794	6.375	1.04
94.2631132751	3.426	0.59
25.0093359456	16.033	0.58
109.932561347	7.043	1.8
151.887906079	13.344	0.65
70.1013830596	10.117	-0.42
101.895218056	6.947	1.85
101.894031204	6.733	0.64
98.2403872654	6	0.61
104.43971273	2.144	0.09
38.6030762066	8.792	1.9
38.6017058437	8.797	2.05
107.871655428	9.139	0.19
28.9985143914	14.736	0.93
116.136179474	9.886	0.41
98.2284096487	5.99	1.4
33.8682547899	14.426	1.32
109.49619212	8.677	0.12
70.2684422739	4.262	-0.32
101.009707226	5.928	0.05
101.654454933	5.995	0.33
100.429992665	3.788	0.06
158.686331176	0.566	0.86
111.537245171	6.411	-0.06
40.7908422557	7.221	0.22
104.815932649	6.669	0.45
45.3724683304	11.037	1.32
97.7960707106	6.756	-0.38
106.492154837	2.986	-0.44
118.032733814	11.254	0.52
135.291345755	15.488	1.72
100.721519593	7.392	0.62
88.4415302168	5.036	1.77
55.3507933675	9.539	0.49
97.98941887	6.443	0.13
104.294876575	7.349	0.28
80.9791064978	0.826	0.47
86.1958196762	7.256	-0.27
111.419203616	6.457	-0.19
131.00600723	14.896	2.26
104.037122895	2.455	0.99
80.9947205769	0.912	0.03
23.1309756899	17.602	0.8
106.299094577	3.239	1.36
100.685056376	7.387	0.81
100.759075064	7.331	0.71
110.460860432	4.229	-0.91
111.001760289	6.922	0.15
103.587582381	6.884	0.04
103.743750658	4.477	0.05
99.5075423442	7.115	1.11
128.404625403	12.858	-0.04
37.2054614654	8.644	1.21
128.354585831	13.27	0.65
128.355554794	13.281	1.17
104.049693494	1.689	-0.44
24.5784490712	16.047	0.99
110.036247797	0.686	-0.04
100.734397052	8.277	-0.37
100.726345069	8.289	-0.45
100.684561075	4.597	0.04
98.6264126055	6.477	-0.49
100.745422635	4.884	0.13
100.807542736	5.179	-0.11
