GUNR -43.3921 170.3893 1563 0.0 0.0
MTPR -43.3364 170.3505 1548 0.0 0.0
HAAS -44.0732 168.7856 1053 0.0 0.0
HOKI -42.7129 170.9843   53 0.7 0.2
QUAR -43.5317 169.8158   58 0.1 0.2  
KARA -43.6084 169.7752 1403 0.9 0.6
WAKA -43.5840 169.8853 1416 2.5 0.4
VEXA -43.6377 169.8932 1494 3.6 0.2
CNCL -43.6662 169.8559 1222 3.9 0.2
PILK -43.6606 169.9215 1753 3.8 0.4
NETT -43.7561 170.0612 2251 2.7 0.4
HORN -43.7773 170.1055  960 5.5 0.3
BNET -43.8625 170.1901  757 3.1 0.3
MTJO -43.9857 170.4649 1043 0.3 0.2
