WZ01   -43.0833 170.6518 1 
WZ02   -43.3487 170.484  1
WZ03   -43.2438 170.7764 1
WZ04   -43.2698 170.3285 1
WZ05   -43.2285 170.3865 1
WZ06   -43.2411 170.4515 1
WZ07   -43.1674 170.3672 1
WZ08   -43.1349 170.4161 1
WZ09   -43.1117 170.4803 1
WZ10   -43.1943 170.5203 1
WZ11   -43.2965 170.4098 1
WZ12   -43.1619 170.6294 1
WZ13   -43.2018 170.7234 1
WZ14   -43.1106 170.8207 1
WZ15   -43.1583 170.8497 1
WZ16   -43.354  170.5346 1
WZ17   -43.3729 170.569  1
WZ18   -43.1423 170.6838 1
WZ19   -43.1129 170.5806 1
WZ20   -43.2132 170.5563 1
WZ21   -43.2682 170.376  1
