169.28 -44.0575 1.41 3.18 5.66 8.48 13.08 24.75 3.46
169.29 -44.0525 1.41 3.18 5.66 8.48 12.73 24.75 3.48
169.3 -44.0475 1.41 3.18 5.66 8.48 12.73 24.75 3.49
169.31 -44.0425 1.41 3.18 5.66 8.48 12.73 24.75 3.48
169.32 -44.0375 1.41 3.18 5.66 8.48 12.73 24.75 3.47
169.33 -44.0325 1.41 3.18 5.66 8.48 13.08 24.75 3.44
169.34 -44.0275 1.41 3.18 5.66 8.48 13.08 24.75 3.39
169.35 -44.0225 1.41 3.54 5.66 8.84 13.08 25.1 3.34
169.36 -44.0175 1.41 3.54 5.66 8.84 13.43 25.1 3.27
169.37 -44.0125 1.41 3.54 6.01 8.84 13.43 25.1 3.18
169.38 -44.0075 1.41 3.54 6.01 9.19 13.79 25.45 3.09
169.39 -44.0025 1.41 3.54 6.01 9.19 13.79 25.81 2.98
169.4 -43.9975 1.41 3.54 6.36 9.55 14.14 25.81 2.86
169.41 -43.9925 1.77 3.89 6.36 9.55 14.49 26.16 2.72
169.42 -43.9875 1.77 3.89 6.36 9.9 14.85 26.52 2.57
169.43 -43.9825 1.77 3.89 6.72 10.25 15.2 26.87 2.41
169.44 -43.9775 1.77 4.24 7.07 10.61 15.91 27.22 2.23
169.45 -43.9725 1.77 4.24 7.07 10.96 16.26 27.58 2.05
169.46 -43.9675 1.77 4.6 7.42 11.31 16.97 28.28 1.84
169.47 -43.9625 1.77 4.6 7.42 11.31 16.97 28.28 1.85
169.48 -43.9575 1.77 4.24 7.42 11.31 16.62 27.93 1.89
169.49 -43.9525 1.77 4.24 7.42 10.96 16.62 27.93 1.93
169.5 -43.9475 1.77 4.24 7.42 10.96 16.62 27.93 1.97
169.51 -43.9425 1.77 4.24 7.07 10.96 16.26 27.93 2.01
169.52 -43.9375 1.77 4.24 7.07 10.96 16.26 27.58 2.06
169.53 -43.9325 1.77 4.24 7.07 10.61 16.26 27.58 2.11
169.54 -43.9275 1.77 4.24 7.07 10.61 15.91 27.58 2.16
169.55 -43.9225 1.77 4.24 7.07 10.61 15.91 27.22 2.21
169.56 -43.9175 1.77 4.24 7.07 10.61 15.91 27.22 2.25
169.57 -43.9125 1.77 4.24 7.07 10.61 15.91 27.22 2.22
169.58 -43.9075 1.77 4.24 7.07 10.61 15.91 27.22 2.2
169.59 -43.9025 1.77 4.24 7.07 10.61 15.91 27.22 2.19
169.6 -43.8975 1.77 4.24 7.07 10.61 15.91 27.22 2.2
169.61 -43.8925 1.77 4.24 7.07 10.61 15.91 27.22 2.21
169.62 -43.8875 1.77 4.24 7.07 10.61 15.91 27.22 2.24
169.63 -43.8825 1.77 4.24 6.72 10.25 15.56 27.22 2.28
169.64 -43.8775 1.77 3.89 6.72 10.25 15.56 27.22 2.33
169.65 -43.8725 1.77 3.89 6.72 10.25 15.2 26.87 2.4
169.66 -43.8675 1.77 3.89 6.72 9.9 15.2 26.87 2.47
169.67 -43.8625 1.77 3.89 6.36 9.9 14.85 26.52 2.56
169.68 -43.8575 1.77 3.89 6.36 9.9 14.85 26.16 2.66
169.69 -43.8525 1.77 3.89 6.36 9.55 14.49 26.16 2.77
169.7 -43.8475 1.41 3.54 6.01 9.55 14.14 25.81 2.89
169.71 -43.8425 1.41 3.54 6.01 9.19 13.79 25.45 3.02
169.72 -43.8375 1.41 3.54 6.01 8.84 13.43 25.45 3.17
169.73 -43.8325 1.41 3.54 5.66 8.84 13.08 25.1 3.32
169.74 -43.8275 1.41 3.18 5.66 8.48 12.73 24.75 3.49
169.75 -43.8225 1.41 3.18 5.3 8.13 12.37 24.39 3.67
169.76 -43.8175 1.41 3.18 5.3 8.13 12.02 24.04 3.86
169.77 -43.8125 1.41 3.18 4.95 7.78 12.02 23.69 4.03
169.78 -43.8075 1.41 3.18 5.3 7.78 12.02 23.69 3.94
169.79 -43.8025 1.41 3.18 5.3 8.13 12.02 24.04 3.84
169.8 -43.7975 1.41 3.18 5.3 8.13 12.37 24.04 3.73
169.81 -43.7925 1.41 3.18 5.3 8.48 12.73 24.39 3.62
169.82 -43.7875 1.41 3.18 5.66 8.48 12.73 24.75 3.49
169.83 -43.7825 1.41 3.54 5.66 8.84 13.08 25.1 3.3
169.84 -43.7775 1.41 3.54 6.01 8.84 13.43 25.45 3.16
169.85 -43.7725 1.41 3.54 6.01 9.19 13.79 25.45 3.05
169.86 -43.7675 1.41 3.54 6.01 9.19 13.79 25.81 2.97
169.87 -43.7625 1.41 3.54 6.01 9.19 14.14 25.81 2.93
169.88 -43.7575 1.41 3.54 6.01 9.19 14.14 25.81 2.92
169.89 -43.7525 1.41 3.54 6.01 9.19 14.14 25.81 2.95
169.9 -43.7475 1.41 3.54 6.01 9.19 13.79 25.45 3.01
169.91 -43.7425 1.41 3.54 6.01 9.19 13.79 25.45 3.1
169.92 -43.7375 1.41 3.54 5.66 8.84 13.43 25.1 3.23
169.93 -43.7325 1.41 3.18 5.66 8.48 13.08 24.75 3.39
169.94 -43.7275 1.41 3.18 5.66 8.48 12.73 24.39 3.59
169.95 -43.7225 1.41 3.18 5.3 8.13 12.37 24.04 3.82
169.96 -43.7175 1.41 2.83 4.95 7.78 11.67 23.69 4.09
169.97 -43.7125 1.06 2.83 4.95 7.42 11.31 22.98 4.39
169.98 -43.7075 1.06 2.83 4.6 7.07 10.61 22.27 4.73
169.99 -43.7025 1.06 2.47 4.24 6.72 10.25 19.8 5.1
170.0 -43.6975 1.06 2.47 4.24 6.36 9.9 24.75 5.5
170.01 -43.6925 1.06 2.47 3.89 6.01 9.19 17.32 5.94
170.02 -43.6875 1.06 2.12 3.89 5.66 8.84 24.75 6.41
170.03 -43.6825 1.06 2.12 3.54 5.66 8.48 24.75 6.92
170.04 -43.6775 0.71 2.12 3.18 5.3 7.78 24.39 7.46
170.05 -43.6725 0.71 1.77 3.18 4.95 7.42 24.04 8.04
170.06 -43.6675 0.71 1.77 2.83 4.6 7.07 13.43 8.65
170.07 -43.6625 0.71 1.77 2.83 4.24 6.72 22.98 9.29
170.08 -43.6575 0.71 1.41 2.83 4.24 6.36 12.37 9.97
170.09 -43.6525 0.71 1.41 2.47 3.89 6.36 22.27 10.38
170.1 -43.6475 0.71 1.41 2.47 3.89 6.36 12.02 10.55
170.11 -43.6425 0.71 1.41 2.47 3.89 6.36 21.92 10.6
170.12 -43.6375 0.71 1.41 2.47 3.89 6.36 12.02 10.54
170.13 -43.6325 0.71 1.41 2.83 4.24 6.36 22.27 10.1
170.14 -43.6275 0.71 1.77 2.83 4.24 6.72 22.98 9.61
170.15 -43.6225 0.71 1.77 2.83 4.6 6.72 23.33 9.15
170.16 -43.6175 0.71 1.77 2.83 4.6 7.07 23.69 8.73
170.17 -43.6125 0.71 1.77 3.18 4.95 7.42 23.69 8.35
170.18 -43.6075 0.71 1.77 3.18 4.95 7.42 24.04 8.0
170.19 -43.6025 0.71 1.77 3.18 4.95 7.78 24.39 7.69
170.2 -43.5975 0.71 2.12 3.54 5.3 8.13 24.39 7.41
170.21 -43.5925 0.71 2.12 3.54 5.3 8.13 15.2 7.16
170.22 -43.5875 0.71 2.12 3.54 5.3 8.48 24.75 6.96
170.23 -43.5825 1.06 2.12 3.54 5.66 8.48 24.75 6.78
170.24 -43.5775 1.06 2.12 3.54 5.66 8.48 24.75 6.66
170.25 -43.5725 1.06 2.12 3.54 5.66 8.84 24.75 6.56
170.26 -43.5675 1.06 2.12 3.89 5.66 8.84 16.26 6.46
170.27 -43.5625 1.06 2.12 3.89 5.66 8.84 24.75 6.36
170.28 -43.5575 1.06 2.12 3.89 6.01 8.84 16.62 6.25
170.29 -43.5525 1.06 2.12 3.89 6.01 9.19 24.75 6.15
170.3 -43.5475 1.06 2.12 3.89 6.01 9.19 24.75 6.04
170.31 -43.5425 1.06 2.47 3.89 6.01 9.19 17.32 5.93
170.32 -43.5375 1.06 2.47 3.89 6.36 9.55 24.75 5.82
170.33 -43.5325 1.06 2.47 4.24 6.36 9.55 24.75 5.71
170.34 -43.5275 1.06 2.47 4.24 6.36 9.55 24.75 5.59
170.35 -43.5225 1.06 2.47 4.24 6.36 9.9 24.75 5.48
170.36 -43.5175 1.06 2.47 4.24 6.72 9.9 24.75 5.36
170.37 -43.5125 1.06 2.47 4.24 6.72 10.25 24.39 5.24
170.38 -43.5075 1.06 2.47 4.24 6.72 10.25 24.39 5.12
170.39 -43.5025 1.06 2.47 4.6 6.72 10.25 20.15 5.0
170.4 -43.4975 1.06 2.83 4.6 7.07 10.61 20.86 4.87
170.41 -43.4925 1.06 2.83 4.6 7.07 10.61 21.92 4.75
170.42 -43.4875 1.06 2.83 4.6 7.07 10.96 22.63 4.62
170.43 -43.4825 1.06 2.83 4.95 7.42 10.96 22.98 4.49
170.44 -43.4775 1.06 2.83 4.95 7.42 11.31 22.98 4.36
170.45 -43.4725 1.41 2.83 4.95 7.78 11.67 23.33 4.23
170.46 -43.4675 1.41 2.83 4.95 7.78 11.67 23.69 4.09
170.47 -43.4625 1.41 3.18 5.3 7.78 12.02 23.69 3.96
170.48 -43.4575 1.41 3.18 5.3 8.13 12.37 24.04 3.82
170.49 -43.4525 1.41 3.18 5.3 8.13 12.37 24.39 3.68
170.5 -43.4475 1.41 3.18 5.66 8.48 12.73 24.39 3.54
170.51 -43.4425 1.41 3.18 5.66 8.48 13.08 24.75 3.4
170.52 -43.4375 1.41 3.54 5.66 8.84 13.43 25.1 3.26
170.53 -43.4325 1.41 3.54 6.01 8.84 13.43 25.45 3.16
170.54 -43.4275 1.41 3.54 6.01 9.19 13.79 25.45 3.08
170.55 -43.4225 1.41 3.54 6.01 9.19 13.79 25.45 3.01
170.56 -43.4175 1.41 3.54 6.01 9.19 14.14 25.81 2.93
170.57 -43.4125 1.41 3.54 6.36 9.55 14.14 25.81 2.86
170.58 -43.4075 1.77 3.54 6.36 9.55 14.49 26.16 2.79
170.59 -43.4025 1.77 3.89 6.36 9.55 14.49 26.16 2.72
170.6 -43.3975 1.77 3.89 6.36 9.9 14.85 26.52 2.65
170.61 -43.3925 1.77 3.89 6.36 9.9 14.85 26.52 2.59
170.62 -43.3875 1.77 3.89 6.72 9.9 14.85 26.52 2.53
170.63 -43.3825 1.77 3.89 6.72 10.25 15.2 26.87 2.46
170.64 -43.3775 1.77 3.89 6.72 10.25 15.2 26.87 2.4
170.65 -43.3725 1.77 3.89 6.72 10.25 15.56 26.87 2.35
170.66 -43.3675 1.77 3.89 6.72 10.25 15.56 27.22 2.29
170.67 -43.3625 1.77 4.24 7.07 10.61 15.91 27.22 2.24
170.68 -43.3575 1.77 4.24 7.07 10.61 15.91 27.22 2.19
170.69 -43.3525 1.77 4.24 7.07 10.61 15.91 27.58 2.14
170.7 -43.3475 1.77 4.24 7.07 10.61 16.26 27.58 2.09
170.71 -43.3425 1.77 4.24 7.07 10.96 16.26 27.58 2.04
170.72 -43.3375 1.77 4.24 7.07 10.96 16.26 27.93 2.0
170.73 -43.3325 1.77 4.24 7.42 10.96 16.62 27.93 1.96
170.74 -43.3275 1.77 4.24 7.42 10.96 16.62 27.93 1.96
170.75 -43.3225 1.77 4.24 7.42 10.96 16.62 27.93 1.97
170.76 -43.3175 1.77 4.24 7.07 10.96 16.62 27.93 1.99
170.77 -43.3125 1.77 4.24 7.07 10.96 16.26 27.93 2.02
170.78 -43.3075 1.77 4.24 7.07 10.96 16.26 27.58 2.05
170.79 -43.3025 1.77 4.24 7.07 10.61 16.26 27.58 2.1
170.8 -43.2975 1.77 4.24 7.07 10.61 15.91 27.58 2.16
170.81 -43.2925 1.77 4.24 7.07 10.61 15.91 27.22 2.23
170.82 -43.2875 1.77 3.89 6.72 10.25 15.56 27.22 2.31
170.83 -43.2825 1.77 3.89 6.72 10.25 15.56 27.22 2.32
170.84 -43.2775 1.77 3.89 6.72 10.25 15.56 27.22 2.3
170.85 -43.2725 1.77 4.24 6.72 10.61 15.56 27.22 2.26
170.86 -43.2675 1.77 4.24 7.07 10.61 15.91 27.22 2.18
170.87 -43.2625 1.77 4.24 7.07 10.61 16.26 27.58 2.08
170.88 -43.2575 1.77 4.24 7.42 10.96 16.62 27.93 1.96
170.89 -43.2525 1.77 4.6 7.42 11.31 16.97 28.28 1.8
170.9 -43.2475 2.12 4.6 7.42 11.31 17.32 28.64 1.74
170.91 -43.2425 2.12 4.6 7.78 11.67 17.32 28.64 1.69
170.92 -43.2375 2.12 4.6 7.78 11.67 17.32 28.64 1.65
170.93 -43.2325 2.12 4.6 7.78 11.67 17.68 28.64 1.61
170.94 -43.2275 2.12 4.6 7.78 11.67 17.68 28.99 1.57
170.95 -43.2225 2.12 4.6 7.78 12.02 17.68 28.99 1.54
170.96 -43.2175 2.12 4.6 7.78 12.02 18.03 28.99 1.5
170.97 -43.2125 2.12 4.95 8.13 12.02 18.03 29.34 1.46
170.98 -43.2075 2.12 4.95 8.13 12.02 18.03 29.34 1.43
170.99 -43.2025 2.12 4.95 8.13 12.37 18.38 29.34 1.39
171.0 -43.1975 2.12 4.95 8.13 12.37 18.38 29.34 1.36
171.01 -43.1925 2.12 4.95 8.13 12.37 18.38 29.7 1.33
171.02 -43.1875 2.12 4.95 8.13 12.37 18.74 29.7 1.3
171.03 -43.1825 2.12 4.95 8.48 12.37 18.74 29.7 1.27
171.04 -43.1775 2.12 4.95 8.48 12.73 18.74 29.7 1.24
171.05 -43.1725 2.12 4.95 8.48 12.73 19.09 30.05 1.21
171.06 -43.1675 2.12 4.95 8.48 12.73 19.09 30.05 1.18
171.07 -43.1625 2.12 4.95 8.48 12.73 19.09 30.05 1.16
171.08 -43.1575 2.12 4.95 8.48 12.73 19.09 30.05 1.13
171.09 -43.1525 2.12 5.3 8.48 13.08 19.44 30.05 1.11
171.1 -43.1475 2.12 5.3 8.48 13.08 19.44 30.4 1.09
171.11 -43.1425 2.12 5.3 8.48 13.08 19.44 30.4 1.07
171.12 -43.1375 2.12 5.3 8.84 13.08 19.44 30.4 1.05
171.13 -43.1325 2.12 5.3 8.84 13.08 19.44 30.4 1.03
171.14 -43.1275 2.12 5.3 8.84 13.08 19.8 30.4 1.01
171.15 -43.1225 2.12 5.3 8.84 13.08 19.8 30.4 1.0
171.16 -43.1175 2.12 5.3 8.84 13.08 19.8 30.4 0.99
171.17 -43.1125 2.12 5.3 8.84 13.08 19.8 30.4 0.97
171.18 -43.1075 2.47 5.3 8.84 13.43 19.8 30.76 0.96
171.19 -43.1025 2.47 5.3 8.84 13.43 19.8 30.76 0.95
171.2 -43.0975 2.47 5.3 8.84 13.43 19.8 30.76 0.95
171.21 -43.0925 2.47 5.3 8.84 13.43 19.8 30.76 0.94
171.22 -43.0875 2.47 5.3 8.84 13.43 19.8 30.76 0.94
171.23 -43.0825 2.47 5.3 8.84 13.43 19.8 30.76 0.93
171.24 -43.0775 2.47 5.3 8.84 13.43 19.8 30.76 0.93
171.25 -43.0725 2.47 5.3 8.84 13.43 19.8 30.76 0.93
171.26 -43.0675 2.47 5.3 8.84 13.43 19.8 30.76 0.93
171.27 -43.0625 2.47 5.3 8.84 13.43 19.8 30.76 0.93
171.28 -43.0575 2.47 5.3 8.84 13.43 19.8 30.76 0.94
