169.32999999999998 -43.769999999999996 0.1
169.52999999999997 -43.669999999999995 0.1
169.72999999999996 -43.56999999999999 0.1
169.92999999999995 -43.46999999999999 0.1
170.12999999999994 -43.36999999999999 0.1
170.32999999999993 -43.26999999999999 0.1
170.52999999999992 -43.16999999999999 0.1
170.7299999999999 -43.069999999999986 0.1
170.9299999999999 -42.969999999999985 0.1
171.12999999999988 -42.86999999999998 0.1
169.13 -43.87 0.1
169.23 -43.995 5.06
169.42999999999998 -43.894999999999996 0.12
169.63 -43.794999999999995 2.8
169.82999999999998 -43.695 2.17
170.03 -43.595 7.93
170.23 -43.495 6.57
170.42999999999998 -43.394999999999996 3.94
170.63 -43.294999999999995 1.87
170.82999999999998 -43.195 1.53
171.03 -43.095 1.27
171.23 -42.995 1.07
169.33 -44.12 0.7
169.53 -44.019999999999996 1.49
169.73000000000002 -43.919999999999995 2.08
169.93 -43.82 3.65
170.13000000000002 -43.72 6.04
170.33 -43.62 7.13
170.53 -43.519999999999996 3.44
170.73000000000002 -43.419999999999995 2.02
170.93 -43.32 2.01
171.13000000000002 -43.22 1.01
171.33 -43.12 -0.47
169.43 -44.245 -0.21
169.63 -44.144999999999996 1.17
169.83 -44.044999999999995 0.89
170.03 -43.945 1.5
170.23000000000002 -43.845 3.6
170.43 -43.745 4.01
170.63 -43.644999999999996 2.68
170.83 -43.544999999999995 1.37
171.03 -43.445 1.89
171.23000000000002 -43.345 1.0
171.43 -43.245 1.41
169.73 -44.269999999999996 0.1
169.92999999999998 -44.169999999999995 0.1
170.12999999999997 -44.06999999999999 0.1
170.32999999999996 -43.96999999999999 0.1
170.52999999999994 -43.86999999999999 0.1
170.72999999999993 -43.76999999999999 0.1
170.92999999999992 -43.66999999999999 0.1
171.1299999999999 -43.569999999999986 0.1
171.3299999999999 -43.469999999999985 0.1
171.5299999999999 -43.36999999999998 0.1
169.53 -44.37 0.1
